Brain_RIBO;001;45;95;8,8,8;raw;slow;0.1;5;550;32,6;0.4;0.01;2
Brain_RIBO;002;45;95;8,8,8;raw;slow;0.1;5;550;32,6;0.4;0.01;2
Brain_RIBO;003;45;95;8,8,8;raw;slow;0.1;5;550;32,6;0.4;0.01;2
Brain_RIBO;004;45;95;8,8,8;raw;slow;0.1;5;550;32,6;0.4;0.01;2
Brain_RIBO;005;45;95;8,8,8;raw;slow;0.1;5;550;32,6;0.4;0.01;2
Brain_RIBO;006;45;95;8,8,8;raw;slow;0.1;5;550;32,6;0.4;0.01;2
Brain_RIBO;007;45;95;8,8,8;raw;slow;0.1;5;550;32,6;0.4;0.01;2
Brain_RIBO;008;45;95;8,8,8;raw;slow;0.1;5;550;32,6;0.4;0.01;2
Brain_RIBO;009;45;95;8,8,8;raw;slow;0.1;5;550;32,6;0.4;0.01;2
Brain_RIBO;010;45;95;8,8,8;raw;slow;0.1;5;550;32,6;0.4;0.01;2
Brain_RIBO;011;45;95;8,8,8;raw;slow;0.1;5;550;32,6;0.4;0.01;2
Brain_RIBO;012;45;95;8,8,8;raw;slow;0.1;5;550;32,6;0.4;0.01;2
Brain_RIBO;013;45;95;8,8,8;raw;slow;0.1;5;550;32,6;0.4;0.01;2
Brain_RIBO;014;45;95;8,8,8;raw;slow;0.1;5;550;32,6;0.4;0.01;2
Brain_RIBO;015;45;95;8,8,8;raw;slow;0.1;5;550;32,6;0.4;0.01;2
Brain_RIBO;016;45;95;8,8,8;raw;slow;0.1;5;550;32,6;0.4;0.01;2
Brain_RIBO;017;45;95;8,8,8;raw;slow;0.1;5;550;32,6;0.4;0.01;2
Brain_RIBO;018;45;95;8,8,8;raw;slow;0.1;5;550;32,6;0.4;0.01;2
Brain_RIBO;019;45;95;8,8,8;raw;slow;0.1;5;550;32,6;0.4;0.01;2
Brain_RIBO;020;45;95;8,8,8;raw;slow;0.1;5;550;32,6;0.4;0.01;2
Brain_RIBO;021;45;95;8,8,8;raw;slow;0.1;5;550;32,6;0.4;0.01;2
Brain_RIBO;022;45;95;8,8,8;raw;slow;0.1;5;550;32,6;0.4;0.01;2
Brain_RIBO;023;45;95;8,8,8;raw;slow;0.1;5;550;32,6;0.4;0.01;2
Brain_RIBO;024;45;95;8,8,8;raw;slow;0.1;5;550;32,6;0.4;0.01;2
Brain_RIBO;025;45;95;8,8,8;raw;slow;0.1;5;550;32,6;0.4;0.01;2
Brain_RIBO;026;45;95;8,8,8;raw;slow;0.1;5;550;32,6;0.4;0.01;2
Brain_RIBO;027;45;95;8,8,8;raw;slow;0.1;5;550;32,6;0.4;0.01;2
Brain_RIBO;028;45;95;8,8,8;raw;slow;0.1;5;550;32,6;0.4;0.01;2
Brain_RIBO;029;45;95;8,8,8;raw;slow;0.1;5;550;32,6;0.4;0.01;2
Brain_RIBO;030;45;95;8,8,8;raw;slow;0.1;5;550;32,6;0.4;0.01;2
Brain_RIBO;031;45;95;8,8,8;raw;slow;0.1;5;550;32,6;0.4;0.01;2
Brain_RIBO;032;45;95;8,8,8;raw;slow;0.1;5;550;32,6;0.4;0.01;2
Brain_RIBO;033;45;95;8,8,8;raw;slow;0.1;5;550;32,6;0.4;0.01;2
Brain_RIBO;034;45;95;8,8,8;raw;slow;0.1;5;550;32,6;0.4;0.01;2
Brain_RIBO;035;45;95;8,8,8;raw;slow;0.1;5;550;32,6;0.4;0.01;2
Brain_RIBO;036;45;95;8,8,8;raw;slow;0.1;5;550;32,6;0.4;0.01;2
Brain_RIBO;037;45;95;8,8,8;raw;slow;0.1;5;550;32,6;0.4;0.01;2
Brain_RIBO;038;45;95;8,8,8;raw;slow;0.1;5;550;32,6;0.4;0.01;2
Brain_RIBO;039;45;95;8,8,8;raw;slow;0.1;5;550;32,6;0.4;0.01;2
Brain_RIBO;040;45;95;8,8,8;raw;slow;0.1;5;550;32,6;0.4;0.01;2
Brain_RIBO;041;45;95;8,8,8;raw;slow;0.1;5;550;32,6;0.4;0.01;2
Brain_RIBO;042;45;95;8,8,8;raw;slow;0.1;5;550;32,6;0.4;0.01;2
Brain_RIBO;043;45;95;8,8,8;raw;slow;0.1;5;550;32,6;0.4;0.01;2
Brain_RIBO;044;45;95;8,8,8;raw;slow;0.1;5;550;32,6;0.4;0.01;2
Brain_RIBO;045;45;95;8,8,8;raw;slow;0.1;5;550;32,6;0.4;0.01;2
Brain_RIBO;046;45;95;8,8,8;raw;slow;0.1;5;550;32,6;0.4;0.01;2
Brain_RIBO;047;45;95;8,8,8;raw;slow;0.1;5;550;32,6;0.4;0.01;2
Brain_RIBO;048;45;95;8,8,8;raw;slow;0.1;5;550;32,6;0.4;0.01;2
Brain_RIBO;049;45;95;8,8,8;raw;slow;0.1;5;550;32,6;0.4;0.01;2
Brain_RIBO;050;45;95;8,8,8;raw;slow;0.1;5;550;32,6;0.4;0.01;2
Brain_RIBO;051;45;95;8,8,8;raw;slow;0.1;5;550;32,6;0.4;0.01;2
Brain_RIBO;052;45;95;8,8,8;raw;slow;0.1;5;550;32,6;0.4;0.01;2
Brain_RIBO;053;45;95;8,8,8;raw;slow;0.1;5;550;32,6;0.4;0.01;2
Brain_RIBO;054;45;95;8,8,8;raw;slow;0.1;5;550;32,6;0.4;0.01;2
Brain_RIBO;055;45;95;8,8,8;raw;slow;0.1;5;550;32,6;0.4;0.01;2
Brain_RIBO;056;45;95;8,8,8;raw;slow;0.1;5;550;32,6;0.4;0.01;2
Brain_RIBO;057;45;95;8,8,8;raw;slow;0.1;5;550;32,6;0.4;0.01;2
Brain_RIBO;058;45;95;8,8,8;raw;slow;0.1;5;550;32,6;0.4;0.01;2
Brain_RIBO;059;45;95;8,8,8;raw;slow;0.1;5;550;32,6;0.4;0.01;2
Brain_RIBO;060;45;95;8,8,8;raw;slow;0.1;5;550;32,6;0.4;0.01;2
Brain_RIBO;061;45;95;8,8,8;raw;slow;0.1;5;550;32,6;0.4;0.01;2
Brain_RIBO;062;45;95;8,8,8;raw;slow;0.1;5;550;32,6;0.4;0.01;2
Brain_RIBO;063;45;95;8,8,8;raw;slow;0.1;5;550;32,6;0.4;0.01;2
Brain_RIBO;064;45;95;8,8,8;raw;slow;0.1;5;550;32,6;0.4;0.01;2
Brain_RIBO;065;45;95;8,8,8;raw;slow;0.1;5;550;32,6;0.4;0.01;2
Brain_RIBO;066;45;95;8,8,8;raw;slow;0.1;5;550;32,6;0.4;0.01;2
Brain_RIBO;067;45;95;8,8,8;raw;slow;0.1;5;550;32,6;0.4;0.01;2
Brain_RIBO;068;45;95;8,8,8;raw;slow;0.1;5;550;32,6;0.4;0.01;2
Brain_RIBO;069;45;95;8,8,8;raw;slow;0.1;5;550;32,6;0.4;0.01;2
Brain_RIBO;070;45;95;8,8,8;raw;slow;0.1;5;550;32,6;0.4;0.01;2
Brain_RIBO;071;45;95;8,8,8;raw;slow;0.1;5;550;32,6;0.4;0.01;2
Brain_RIBO;072;45;95;8,8,8;raw;slow;0.1;5;550;32,6;0.4;0.01;2
Brain_RIBO;073;45;95;8,8,8;raw;slow;0.1;5;550;32,6;0.4;0.01;2
Brain_RIBO;074;45;95;8,8,8;raw;slow;0.1;5;550;32,6;0.4;0.01;2
Brain_RIBO;075;45;95;8,8,8;raw;slow;0.1;5;550;32,6;0.4;0.01;2
Brain_RIBO;076;45;95;8,8,8;raw;slow;0.1;5;550;32,6;0.4;0.01;2
Brain_RIBO;077;45;95;8,8,8;raw;slow;0.1;5;550;32,6;0.4;0.01;2
Brain_RIBO;078;45;95;8,8,8;raw;slow;0.1;5;550;32,6;0.4;0.01;2
Brain_RIBO;079;45;95;8,8,8;raw;slow;0.1;5;550;32,6;0.4;0.01;2
Brain_RIBO;080;45;95;8,8,8;raw;slow;0.1;5;550;32,6;0.4;0.01;2
Brain_RIBO;081;45;95;8,8,8;raw;slow;0.1;5;550;32,6;0.4;0.01;2
Brain_RIBO;082;45;95;8,8,8;raw;slow;0.1;5;550;32,6;0.4;0.01;2
Brain_RIBO;083;45;95;8,8,8;raw;slow;0.1;5;550;32,6;0.4;0.01;2
Brain_RIBO;084;45;95;8,8,8;raw;slow;0.1;5;550;32,6;0.4;0.01;2
Brain_RIBO;085;45;95;8,8,8;raw;slow;0.1;5;550;32,6;0.4;0.01;2
Brain_RIBO;086;45;95;8,8,8;raw;slow;0.1;5;550;32,6;0.4;0.01;2
Brain_RIBO;087;45;95;8,8,8;raw;slow;0.1;5;550;32,6;0.4;0.01;2
Brain_RIBO;088;45;95;8,8,8;raw;slow;0.1;5;550;32,6;0.4;0.01;2
Brain_RIBO;089;45;95;8,8,8;raw;slow;0.1;5;550;32,6;0.4;0.01;2
Brain_RIBO;090;45;95;8,8,8;raw;slow;0.1;5;550;32,6;0.4;0.01;2
Brain_RIBO;091;45;95;8,8,8;raw;slow;0.1;5;550;32,6;0.4;0.01;2
Brain_RIBO;092;45;95;8,8,8;raw;slow;0.1;5;550;32,6;0.4;0.01;2
Brain_RIBO;093;45;95;8,8,8;raw;slow;0.1;5;550;32,6;0.4;0.01;2
Brain_RIBO;094;45;95;8,8,8;raw;slow;0.1;5;550;32,6;0.4;0.01;2
Brain_RIBO;095;45;95;8,8,8;raw;slow;0.1;5;550;32,6;0.4;0.01;2
Brain_RIBO;096;45;95;8,8,8;raw;slow;0.1;5;550;32,6;0.4;0.01;2
Brain_RIBO;097;45;95;8,8,8;raw;slow;0.1;5;550;32,6;0.4;0.01;2
Brain_RIBO;098;45;95;8,8,8;raw;slow;0.1;5;550;32,6;0.4;0.01;2
Brain_RIBO;099;45;95;8,8,8;raw;slow;0.1;5;550;32,6;0.4;0.01;2
Brain_RIBO;100;45;95;8,8,8;raw;slow;0.1;5;550;32,6;0.4;0.01;2
Brain_RIBO;101;45;95;8,8,8;raw;slow;0.1;5;550;32,6;0.4;0.01;2
Brain_RIBO;102;45;95;8,8,8;raw;slow;0.1;5;550;32,6;0.4;0.01;2
Brain_RIBO;103;45;95;8,8,8;raw;slow;0.1;5;550;32,6;0.4;0.01;2
Brain_RIBO;104;45;95;8,8,8;raw;slow;0.1;5;550;32,6;0.4;0.01;2
Brain_RIBO;105;45;95;8,8,8;raw;slow;0.1;5;550;32,6;0.4;0.01;2
Brain_RIBO;106;45;95;8,8,8;raw;slow;0.1;5;550;32,6;0.4;0.01;2
Brain_RIBO;107;45;95;8,8,8;raw;slow;0.1;5;550;32,6;0.4;0.01;2
Brain_RIBO;108;45;95;8,8,8;raw;slow;0.1;5;550;32,6;0.4;0.01;2
Brain_RIBO;109;45;95;8,8,8;raw;slow;0.1;5;550;32,6;0.4;0.01;2
Brain_RIBO;110;45;95;8,8,8;raw;slow;0.1;5;550;32,6;0.4;0.01;2
Brain_RIBO;111;45;95;8,8,8;raw;slow;0.1;5;550;32,6;0.4;0.01;2
Brain_RIBO;112;45;95;8,8,8;raw;slow;0.1;5;550;32,6;0.4;0.01;2
Brain_RIBO;113;45;95;8,8,8;raw;slow;0.1;5;550;32,6;0.4;0.01;2
Brain_RIBO;114;45;95;8,8,8;raw;slow;0.1;5;550;32,6;0.4;0.01;2
Brain_RIBO;115;45;95;8,8,8;raw;slow;0.1;5;550;32,6;0.4;0.01;2
Brain_RIBO;116;45;95;8,8,8;raw;slow;0.1;5;550;32,6;0.4;0.01;2
Brain_RIBO;117;45;95;8,8,8;raw;slow;0.1;5;550;32,6;0.4;0.01;2
Brain_RIBO;118;45;95;8,8,8;raw;slow;0.1;5;550;32,6;0.4;0.01;2
Brain_RIBO;119;45;95;8,8,8;raw;slow;0.1;5;550;32,6;0.4;0.01;2
Brain_RIBO;120;45;95;8,8,8;raw;slow;0.1;5;550;32,6;0.4;0.01;2
Brain_RIBO;121;45;95;8,8,8;raw;slow;0.1;5;550;32,6;0.4;0.01;2
Brain_RIBO;122;45;95;8,8,8;raw;slow;0.1;5;550;32,6;0.4;0.01;2
Brain_RIBO;123;45;95;8,8,8;raw;slow;0.1;5;550;32,6;0.4;0.01;2
Brain_RIBO;124;45;95;8,8,8;raw;slow;0.1;5;550;32,6;0.4;0.01;2
Brain_RIBO;125;45;95;8,8,8;raw;slow;0.1;5;550;32,6;0.4;0.01;2
Brain_RIBO;126;45;95;8,8,8;raw;slow;0.1;5;550;32,6;0.4;0.01;2
Brain_RIBO;127;45;95;8,8,8;raw;slow;0.1;5;550;32,6;0.4;0.01;2
Brain_RIBO;128;45;95;8,8,8;raw;slow;0.1;5;550;32,6;0.4;0.01;2
Brain_RIBO;129;45;95;8,8,8;raw;slow;0.1;5;550;32,6;0.4;0.01;2
Brain_RIBO;130;45;95;8,8,8;raw;slow;0.1;5;550;32,6;0.4;0.01;2
Brain_RIBO;131;45;95;8,8,8;raw;slow;0.1;5;550;32,6;0.4;0.01;2
Brain_RIBO;132;45;95;8,8,8;raw;slow;0.1;5;550;32,6;0.4;0.01;2
Brain_RIBO;133;45;95;8,8,8;raw;slow;0.1;5;550;32,6;0.4;0.01;2
Brain_RIBO;134;45;95;8,8,8;raw;slow;0.1;5;550;32,6;0.4;0.01;2
Brain_RIBO;135;45;95;8,8,8;raw;slow;0.1;5;550;32,6;0.4;0.01;2
Brain_RIBO;136;45;95;8,8,8;raw;slow;0.1;5;550;32,6;0.4;0.01;2
Brain_RIBO;137;45;95;8,8,8;raw;slow;0.1;5;550;32,6;0.4;0.01;2
Brain_RIBO;138;45;95;8,8,8;raw;slow;0.1;5;550;32,6;0.4;0.01;2
Brain_RIBO;139;45;95;8,8,8;raw;slow;0.1;5;550;32,6;0.4;0.01;2
Brain_RIBO;140;45;95;8,8,8;raw;slow;0.1;5;550;32,6;0.4;0.01;2
Brain_RIBO;141;45;95;8,8,8;raw;slow;0.1;5;550;32,6;0.4;0.01;2
Brain_RIBO;142;45;95;8,8,8;raw;slow;0.1;5;550;32,6;0.4;0.01;2
Brain_RIBO;143;45;95;8,8,8;raw;slow;0.1;5;550;32,6;0.4;0.01;2
Brain_RIBO;144;45;95;8,8,8;raw;slow;0.1;5;550;32,6;0.4;0.01;2
Brain_RIBO;145;45;95;8,8,8;raw;slow;0.1;5;550;32,6;0.4;0.01;2
Brain_RIBO;146;45;95;8,8,8;raw;slow;0.1;5;550;32,6;0.4;0.01;2
Brain_RIBO;147;45;95;8,8,8;raw;slow;0.1;5;550;32,6;0.4;0.01;2
Brain_RIBO;148;45;95;8,8,8;raw;slow;0.1;5;550;32,6;0.4;0.01;2
Brain_RIBO;149;45;95;8,8,8;raw;slow;0.1;5;550;32,6;0.4;0.01;2
Brain_RIBO;150;45;95;8,8,8;raw;slow;0.1;5;550;32,6;0.4;0.01;2
Brain_RIBO;151;45;95;8,8,8;raw;slow;0.1;5;550;32,6;0.4;0.01;2
Brain_RIBO;152;45;95;8,8,8;raw;slow;0.1;5;550;32,6;0.4;0.01;2
Brain_RIBO;153;45;95;8,8,8;raw;slow;0.1;5;550;32,6;0.4;0.01;2
Brain_RIBO;154;45;95;8,8,8;raw;slow;0.1;5;550;32,6;0.4;0.01;2
Brain_RIBO;155;45;95;8,8,8;raw;slow;0.1;5;550;32,6;0.4;0.01;2
Brain_RIBO;156;45;95;8,8,8;raw;slow;0.1;5;550;32,6;0.4;0.01;2
Brain_RIBO;157;45;95;8,8,8;raw;slow;0.1;5;550;32,6;0.4;0.01;2
Brain_RIBO;158;45;95;8,8,8;raw;slow;0.1;5;550;32,6;0.4;0.01;2
Brain_RIBO;159;45;95;8,8,8;raw;slow;0.1;5;550;32,6;0.4;0.01;2
Brain_RIBO;160;45;95;8,8,8;raw;slow;0.1;5;550;32,6;0.4;0.01;2
Brain_RIBO;161;45;95;8,8,8;raw;slow;0.1;5;550;32,6;0.4;0.01;2
Brain_RIBO;162;45;95;8,8,8;raw;slow;0.1;5;550;32,6;0.4;0.01;2
Brain_RIBO;163;45;95;8,8,8;raw;slow;0.1;5;550;32,6;0.4;0.01;2
Brain_RIBO;164;45;95;8,8,8;raw;slow;0.1;5;550;32,6;0.4;0.01;2
Brain_RIBO;165;45;95;8,8,8;raw;slow;0.1;5;550;32,6;0.4;0.01;2
Brain_RIBO;166;45;95;8,8,8;raw;slow;0.1;5;550;32,6;0.4;0.01;2
Brain_RIBO;167;45;95;8,8,8;raw;slow;0.1;5;550;32,6;0.4;0.01;2
Brain_RIBO;168;45;95;8,8,8;raw;slow;0.1;5;550;32,6;0.4;0.01;2
Brain_RIBO;169;45;95;8,8,8;raw;slow;0.1;5;550;32,6;0.4;0.01;2
Brain_RIBO;170;45;95;8,8,8;raw;slow;0.1;5;550;32,6;0.4;0.01;2
Brain_RIBO;171;45;95;8,8,8;raw;slow;0.1;5;550;32,6;0.4;0.01;2
Brain_RIBO;172;45;95;8,8,8;raw;slow;0.1;5;550;32,6;0.4;0.01;2
Brain_RIBO;173;45;95;8,8,8;raw;slow;0.1;5;550;32,6;0.4;0.01;2
Brain_RIBO;174;45;95;8,8,8;raw;slow;0.1;5;550;32,6;0.4;0.01;2
Brain_RIBO;175;45;95;8,8,8;raw;slow;0.1;5;550;32,6;0.4;0.01;2
Brain_RIBO;176;45;95;8,8,8;raw;slow;0.1;5;550;32,6;0.4;0.01;2
Brain_RIBO;177;45;95;8,8,8;raw;slow;0.1;5;550;32,6;0.4;0.01;2
Brain_RIBO;178;45;95;8,8,8;raw;slow;0.1;5;550;32,6;0.4;0.01;2
Brain_RIBO;179;45;95;8,8,8;raw;slow;0.1;5;550;32,6;0.4;0.01;2
Brain_RIBO;180;45;95;8,8,8;raw;slow;0.1;5;550;32,6;0.4;0.01;2
Brain_RIBO;181;45;95;8,8,8;raw;slow;0.1;5;550;32,6;0.4;0.01;2
Brain_RIBO;182;45;95;8,8,8;raw;slow;0.1;5;550;32,6;0.4;0.01;2
Brain_RIBO;183;45;95;8,8,8;raw;slow;0.1;5;550;32,6;0.4;0.01;2
Brain_RIBO;184;45;95;8,8,8;raw;slow;0.1;5;550;32,6;0.4;0.01;2
Brain_RIBO;185;45;95;8,8,8;raw;slow;0.1;5;550;32,6;0.4;0.01;2
Brain_RIBO;186;45;95;8,8,8;raw;slow;0.1;5;550;32,6;0.4;0.01;2
Brain_RIBO;187;45;95;8,8,8;raw;slow;0.1;5;550;32,6;0.4;0.01;2
Brain_RIBO;188;45;95;8,8,8;raw;slow;0.1;5;550;32,6;0.4;0.01;2
Brain_RIBO;189;45;95;8,8,8;raw;slow;0.1;5;550;32,6;0.4;0.01;2
Brain_RIBO;190;45;95;8,8,8;raw;slow;0.1;5;550;32,6;0.4;0.01;2
Brain_RIBO;191;45;95;8,8,8;raw;slow;0.1;5;550;32,6;0.4;0.01;2
Brain_RIBO;192;45;95;8,8,8;raw;slow;0.1;5;550;32,6;0.4;0.01;2
Brain_RIBO;193;45;95;8,8,8;raw;slow;0.1;5;550;32,6;0.4;0.01;2
Brain_RIBO;194;45;95;8,8,8;raw;slow;0.1;5;550;32,6;0.4;0.01;2
Brain_RIBO;195;45;95;8,8,8;raw;slow;0.1;5;550;32,6;0.4;0.01;2
Brain_RIBO;196;45;95;8,8,8;raw;slow;0.1;5;550;32,6;0.4;0.01;2
Brain_RIBO;197;45;95;8,8,8;raw;slow;0.1;5;550;32,6;0.4;0.01;2
Brain_RIBO;198;45;95;8,8,8;raw;slow;0.1;5;550;32,6;0.4;0.01;2
Brain_RIBO;199;45;95;8,8,8;raw;slow;0.1;5;550;32,6;0.4;0.01;2
Brain_RIBO;200;45;95;8,8,8;raw;slow;0.1;5;550;32,6;0.4;0.01;2
Brain_RIBO;201;45;95;8,8,8;raw;slow;0.1;5;550;32,6;0.4;0.01;2
Brain_RIBO;202;45;95;8,8,8;raw;slow;0.1;5;550;32,6;0.4;0.01;2
Brain_RIBO;203;45;95;8,8,8;raw;slow;0.1;5;550;32,6;0.4;0.01;2
Brain_RIBO;204;45;95;8,8,8;raw;slow;0.1;5;550;32,6;0.4;0.01;2
Brain_RIBO;205;45;95;8,8,8;raw;slow;0.1;5;550;32,6;0.4;0.01;2
Brain_RIBO;206;45;95;8,8,8;raw;slow;0.1;5;550;32,6;0.4;0.01;2
Brain_RIBO;207;45;95;8,8,8;raw;slow;0.1;5;550;32,6;0.4;0.01;2
Brain_RIBO;208;45;95;8,8,8;raw;slow;0.1;5;550;32,6;0.4;0.01;2
Brain_RIBO;209;45;95;8,8,8;raw;slow;0.1;5;550;32,6;0.4;0.01;2
Brain_RIBO;210;45;95;8,8,8;raw;slow;0.1;5;550;32,6;0.4;0.01;2
Brain_RIBO;211;45;95;8,8,8;raw;slow;0.1;5;550;32,6;0.4;0.01;2
Brain_RIBO;212;45;95;8,8,8;raw;slow;0.1;5;550;32,6;0.4;0.01;2
Brain_RIBO;213;45;95;8,8,8;raw;slow;0.1;5;550;32,6;0.4;0.01;2
Brain_RIBO;214;45;95;8,8,8;raw;slow;0.1;5;550;32,6;0.4;0.01;2
Brain_RIBO;215;45;95;8,8,8;raw;slow;0.1;5;550;32,6;0.4;0.01;2
Brain_RIBO;216;45;95;8,8,8;raw;slow;0.1;5;550;32,6;0.4;0.01;2
Brain_RIBO;217;45;95;8,8,8;raw;slow;0.1;5;550;32,6;0.4;0.01;2
Brain_RIBO;218;45;95;8,8,8;raw;slow;0.1;5;550;32,6;0.4;0.01;2
Brain_RIBO;219;45;95;8,8,8;raw;slow;0.1;5;550;32,6;0.4;0.01;2
Brain_RIBO;220;45;95;8,8,8;raw;slow;0.1;5;550;32,6;0.4;0.01;2
Brain_RIBO;221;45;95;8,8,8;raw;slow;0.1;5;550;32,6;0.4;0.01;2
Brain_RIBO;222;45;95;8,8,8;raw;slow;0.1;5;550;32,6;0.4;0.01;2
Brain_RIBO;223;45;95;8,8,8;raw;slow;0.1;5;550;32,6;0.4;0.01;2
Brain_RIBO;224;45;95;8,8,8;raw;slow;0.1;5;550;32,6;0.4;0.01;2
Brain_RIBO;225;45;95;8,8,8;raw;slow;0.1;5;550;32,6;0.4;0.01;2
Brain_RIBO;226;45;95;8,8,8;raw;slow;0.1;5;550;32,6;0.4;0.01;2
Brain_RIBO;227;45;95;8,8,8;raw;slow;0.1;5;550;32,6;0.4;0.01;2
Brain_RIBO;228;45;95;8,8,8;raw;slow;0.1;5;550;32,6;0.4;0.01;2
Brain_RIBO;229;45;95;8,8,8;raw;slow;0.1;5;550;32,6;0.4;0.01;2
Brain_RIBO;230;45;95;8,8,8;raw;slow;0.1;5;550;32,6;0.4;0.01;2
Brain_RIBO;231;45;95;8,8,8;raw;slow;0.1;5;550;32,6;0.4;0.01;2
Brain_RIBO;232;45;95;8,8,8;raw;slow;0.1;5;550;32,6;0.4;0.01;2
Brain_RIBO;233;45;95;8,8,8;raw;slow;0.1;5;550;32,6;0.4;0.01;2
Brain_RIBO;234;45;95;8,8,8;raw;slow;0.1;5;550;32,6;0.4;0.01;2
Brain_RIBO;235;45;95;8,8,8;raw;slow;0.1;5;550;32,6;0.4;0.01;2
Brain_RIBO;236;45;95;8,8,8;raw;slow;0.1;5;550;32,6;0.4;0.01;2
Brain_RIBO;237;45;95;8,8,8;raw;slow;0.1;5;550;32,6;0.4;0.01;2
Brain_RIBO;238;45;95;8,8,8;raw;slow;0.1;5;550;32,6;0.4;0.01;2
Brain_RIBO;239;45;95;8,8,8;raw;slow;0.1;5;550;32,6;0.4;0.01;2
Brain_RIBO;240;45;95;8,8,8;raw;slow;0.1;5;550;32,6;0.4;0.01;2
Brain_RIBO;241;45;95;8,8,8;raw;slow;0.1;5;550;32,6;0.4;0.01;2
Brain_RIBO;242;45;95;8,8,8;raw;slow;0.1;5;550;32,6;0.4;0.01;2
Brain_RIBO;243;45;95;8,8,8;raw;slow;0.1;5;550;32,6;0.4;0.01;2
Brain_RIBO;244;45;95;8,8,8;raw;slow;0.1;5;550;32,6;0.4;0.01;2
Brain_RIBO;245;45;95;8,8,8;raw;slow;0.1;5;550;32,6;0.4;0.01;2
Brain_RIBO;246;45;95;8,8,8;raw;slow;0.1;5;550;32,6;0.4;0.01;2
Brain_RIBO;247;45;95;8,8,8;raw;slow;0.1;5;550;32,6;0.4;0.01;2
Brain_RIBO;248;45;95;8,8,8;raw;slow;0.1;5;550;32,6;0.4;0.01;2
Brain_RIBO;249;45;95;8,8,8;raw;slow;0.1;5;550;32,6;0.4;0.01;2
Brain_RIBO;250;45;95;8,8,8;raw;slow;0.1;5;550;32,6;0.4;0.01;2
Brain_RIBO;251;45;95;8,8,8;raw;slow;0.1;5;550;32,6;0.4;0.01;2
Brain_RIBO;252;45;95;8,8,8;raw;slow;0.1;5;550;32,6;0.4;0.01;2
Brain_RIBO;253;45;95;8,8,8;raw;slow;0.1;5;550;32,6;0.4;0.01;2
Brain_RIBO;254;45;95;8,8,8;raw;slow;0.1;5;550;32,6;0.4;0.01;2
Brain_RIBO;255;45;95;8,8,8;raw;slow;0.1;5;550;32,6;0.4;0.01;2
Brain_RIBO;256;45;95;8,8,8;raw;slow;0.1;5;550;32,6;0.4;0.01;2
Brain_RIBO;257;45;95;8,8,8;raw;slow;0.1;5;550;32,6;0.4;0.01;2
Brain_RIBO;258;45;95;8,8,8;raw;slow;0.1;5;550;32,6;0.4;0.01;2
Brain_RIBO;259;45;95;8,8,8;raw;slow;0.1;5;550;32,6;0.4;0.01;2
Brain_RIBO;260;45;95;8,8,8;raw;slow;0.1;5;550;32,6;0.4;0.01;2
Brain_RIBO;261;45;95;8,8,8;raw;slow;0.1;5;550;32,6;0.4;0.01;2
Brain_RIBO;262;45;95;8,8,8;raw;slow;0.1;5;550;32,6;0.4;0.01;2
Brain_RIBO;263;45;95;8,8,8;raw;slow;0.1;5;550;32,6;0.4;0.01;2
Brain_RIBO;264;45;95;8,8,8;raw;slow;0.1;5;550;32,6;0.4;0.01;2
Brain_RIBO;265;45;95;8,8,8;raw;slow;0.1;5;550;32,6;0.4;0.01;2
Brain_RIBO;266;45;95;8,8,8;raw;slow;0.1;5;550;32,6;0.4;0.01;2
Brain_RIBO;267;45;95;8,8,8;raw;slow;0.1;5;550;32,6;0.4;0.01;2
Brain_RIBO;268;45;95;8,8,8;raw;slow;0.1;5;550;32,6;0.4;0.01;2
Brain_RIBO;269;45;95;8,8,8;raw;slow;0.1;5;550;32,6;0.4;0.01;2
Brain_RIBO;270;45;95;8,8,8;raw;slow;0.1;5;550;32,6;0.4;0.01;2
Brain_RIBO;271;45;95;8,8,8;raw;slow;0.1;5;550;32,6;0.4;0.01;2
Brain_RIBO;272;45;95;8,8,8;raw;slow;0.1;5;550;32,6;0.4;0.01;2
Brain_RIBO;273;45;95;8,8,8;raw;slow;0.1;5;550;32,6;0.4;0.01;2
Brain_RIBO;274;45;95;8,8,8;raw;slow;0.1;5;550;32,6;0.4;0.01;2
Brain_RIBO;275;45;95;8,8,8;raw;slow;0.1;5;550;32,6;0.4;0.01;2
Brain_RIBO;276;45;95;8,8,8;raw;slow;0.1;5;550;32,6;0.4;0.01;2
Brain_RIBO;277;45;95;8,8,8;raw;slow;0.1;5;550;32,6;0.4;0.01;2
Brain_RIBO;278;45;95;8,8,8;raw;slow;0.1;5;550;32,6;0.4;0.01;2
Brain_RIBO;279;45;95;8,8,8;raw;slow;0.1;5;550;32,6;0.4;0.01;2
Brain_RIBO;280;45;95;8,8,8;raw;slow;0.1;5;550;32,6;0.4;0.01;2
Brain_RIBO;281;45;95;8,8,8;raw;slow;0.1;5;550;32,6;0.4;0.01;2
Brain_RIBO;282;45;95;8,8,8;raw;slow;0.1;5;550;32,6;0.4;0.01;2
Brain_RIBO;283;45;95;8,8,8;raw;slow;0.1;5;550;32,6;0.4;0.01;2
Brain_RIBO;284;45;95;8,8,8;raw;slow;0.1;5;550;32,6;0.4;0.01;2
Brain_RIBO;285;45;95;8,8,8;raw;slow;0.1;5;550;32,6;0.4;0.01;2
Brain_RIBO;286;45;95;8,8,8;raw;slow;0.1;5;550;32,6;0.4;0.01;2
Brain_RIBO;287;45;95;8,8,8;raw;slow;0.1;5;550;32,6;0.4;0.01;2
Brain_RIBO;288;45;95;8,8,8;raw;slow;0.1;5;550;32,6;0.4;0.01;2
Brain_RIBO;289;45;95;8,8,8;raw;slow;0.1;5;550;32,6;0.4;0.01;2
Brain_RIBO;290;45;95;8,8,8;raw;slow;0.1;5;550;32,6;0.4;0.01;2
Brain_RIBO;291;45;95;8,8,8;raw;slow;0.1;5;550;32,6;0.4;0.01;2
Brain_RIBO;292;45;95;8,8,8;raw;slow;0.1;5;550;32,6;0.4;0.01;2
Brain_RIBO;293;45;95;8,8,8;raw;slow;0.1;5;550;32,6;0.4;0.01;2
Brain_RIBO;294;45;95;8,8,8;raw;slow;0.1;5;550;32,6;0.4;0.01;2
Brain_RIBO;295;45;95;8,8,8;raw;slow;0.1;5;550;32,6;0.4;0.01;2
Brain_RIBO;296;45;95;8,8,8;raw;slow;0.1;5;550;32,6;0.4;0.01;2
Brain_RIBO;297;45;95;8,8,8;raw;slow;0.1;5;550;32,6;0.4;0.01;2
Brain_RIBO;298;45;95;8,8,8;raw;slow;0.1;5;550;32,6;0.4;0.01;2
Brain_RIBO;299;45;95;8,8,8;raw;slow;0.1;5;550;32,6;0.4;0.01;2
Brain_RIBO;300;45;95;8,8,8;raw;slow;0.1;5;550;32,6;0.4;0.01;2
Brain_RIBO;301;45;95;8,8,8;raw;slow;0.1;5;550;32,6;0.4;0.01;2
Brain_RIBO;302;45;95;8,8,8;raw;slow;0.1;5;550;32,6;0.4;0.01;2
Brain_RIBO;303;45;95;8,8,8;raw;slow;0.1;5;550;32,6;0.4;0.01;2
Brain_RIBO;304;45;95;8,8,8;raw;slow;0.1;5;550;32,6;0.4;0.01;2
Brain_RIBO;305;45;95;8,8,8;raw;slow;0.1;5;550;32,6;0.4;0.01;2
Brain_RIBO;306;45;95;8,8,8;raw;slow;0.1;5;550;32,6;0.4;0.01;2
Brain_RIBO;307;45;95;8,8,8;raw;slow;0.1;5;550;32,6;0.4;0.01;2
Brain_RIBO;308;45;95;8,8,8;raw;slow;0.1;5;550;32,6;0.4;0.01;2
Brain_RIBO;309;45;95;8,8,8;raw;slow;0.1;5;550;32,6;0.4;0.01;2
Brain_RIBO;310;45;95;8,8,8;raw;slow;0.1;5;550;32,6;0.4;0.01;2
Brain_RIBO;311;45;95;8,8,8;raw;slow;0.1;5;550;32,6;0.4;0.01;2
Brain_RIBO;312;45;95;8,8,8;raw;slow;0.1;5;550;32,6;0.4;0.01;2
Brain_RIBO;313;45;95;8,8,8;raw;slow;0.1;5;550;32,6;0.4;0.01;2
Brain_RIBO;314;45;95;8,8,8;raw;slow;0.1;5;550;32,6;0.4;0.01;2
Brain_RIBO;315;45;95;8,8,8;raw;slow;0.1;5;550;32,6;0.4;0.01;2
Brain_RIBO;316;45;95;8,8,8;raw;slow;0.1;5;550;32,6;0.4;0.01;2
Brain_RIBO;317;45;95;8,8,8;raw;slow;0.1;5;550;32,6;0.4;0.01;2
Brain_RIBO;318;45;95;8,8,8;raw;slow;0.1;5;550;32,6;0.4;0.01;2
Brain_RIBO;319;45;95;8,8,8;raw;slow;0.1;5;550;32,6;0.4;0.01;2
Brain_RIBO;320;45;95;8,8,8;raw;slow;0.1;5;550;32,6;0.4;0.01;2
Brain_RIBO;321;45;95;8,8,8;raw;slow;0.1;5;550;32,6;0.4;0.01;2
Brain_RIBO;322;45;95;8,8,8;raw;slow;0.1;5;550;32,6;0.4;0.01;2
Brain_RIBO;323;45;95;8,8,8;raw;slow;0.1;5;550;32,6;0.4;0.01;2
Brain_RIBO;324;45;95;8,8,8;raw;slow;0.1;5;550;32,6;0.4;0.01;2
Brain_RIBO;325;45;95;8,8,8;raw;slow;0.1;5;550;32,6;0.4;0.01;2
Brain_RIBO;326;45;95;8,8,8;raw;slow;0.1;5;550;32,6;0.4;0.01;2
Brain_RIBO;327;45;95;8,8,8;raw;slow;0.1;5;550;32,6;0.4;0.01;2
Brain_RIBO;328;45;95;8,8,8;raw;slow;0.1;5;550;32,6;0.4;0.01;2
Brain_RIBO;329;45;95;8,8,8;raw;slow;0.1;5;550;32,6;0.4;0.01;2
Brain_RIBO;330;45;95;8,8,8;raw;slow;0.1;5;550;32,6;0.4;0.01;2
Brain_RIBO;331;45;95;8,8,8;raw;slow;0.1;5;550;32,6;0.4;0.01;2
Brain_RIBO;332;45;95;8,8,8;raw;slow;0.1;5;550;32,6;0.4;0.01;2
Brain_RIBO;333;45;95;8,8,8;raw;slow;0.1;5;550;32,6;0.4;0.01;2
Brain_RIBO;334;45;95;8,8,8;raw;slow;0.1;5;550;32,6;0.4;0.01;2
Brain_RIBO;335;45;95;8,8,8;raw;slow;0.1;5;550;32,6;0.4;0.01;2
Brain_RIBO;336;45;95;8,8,8;raw;slow;0.1;5;550;32,6;0.4;0.01;2
Brain_RIBO;337;45;95;8,8,8;raw;slow;0.1;5;550;32,6;0.4;0.01;2
Brain_RIBO;338;45;95;8,8,8;raw;slow;0.1;5;550;32,6;0.4;0.01;2
Brain_RIBO;339;45;95;8,8,8;raw;slow;0.1;5;550;32,6;0.4;0.01;2
Brain_RIBO;340;45;95;8,8,8;raw;slow;0.1;5;550;32,6;0.4;0.01;2
Brain_RIBO;341;45;95;8,8,8;raw;slow;0.1;5;550;32,6;0.4;0.01;2
Brain_RIBO;342;45;95;8,8,8;raw;slow;0.1;5;550;32,6;0.4;0.01;2
Brain_RIBO;343;45;95;8,8,8;raw;slow;0.1;5;550;32,6;0.4;0.01;2
Brain_RIBO;344;45;95;8,8,8;raw;slow;0.1;5;550;32,6;0.4;0.01;2
Brain_RIBO;345;45;95;8,8,8;raw;slow;0.1;5;550;32,6;0.4;0.01;2
Brain_RIBO;346;45;95;8,8,8;raw;slow;0.1;5;550;32,6;0.4;0.01;2
Brain_RIBO;347;45;95;8,8,8;raw;slow;0.1;5;550;32,6;0.4;0.01;2
Brain_RIBO;348;45;95;8,8,8;raw;slow;0.1;5;550;32,6;0.4;0.01;2
Brain_RIBO;349;45;95;8,8,8;raw;slow;0.1;5;550;32,6;0.4;0.01;2
Brain_RIBO;350;45;95;8,8,8;raw;slow;0.1;5;550;32,6;0.4;0.01;2
Brain_RIBO;351;45;95;8,8,8;raw;slow;0.1;5;550;32,6;0.4;0.01;2
Brain_RIBO;352;45;95;8,8,8;raw;slow;0.1;5;550;32,6;0.4;0.01;2
Brain_RIBO;353;45;95;8,8,8;raw;slow;0.1;5;550;32,6;0.4;0.01;2
Brain_RIBO;354;45;95;8,8,8;raw;slow;0.1;5;550;32,6;0.4;0.01;2
Brain_RIBO;355;45;95;8,8,8;raw;slow;0.1;5;550;32,6;0.4;0.01;2
Brain_RIBO;356;45;95;8,8,8;raw;slow;0.1;5;550;32,6;0.4;0.01;2
Brain_RIBO;357;45;95;8,8,8;raw;slow;0.1;5;550;32,6;0.4;0.01;2
Brain_RIBO;358;45;95;8,8,8;raw;slow;0.1;5;550;32,6;0.4;0.01;2
Brain_RIBO;359;45;95;8,8,8;raw;slow;0.1;5;550;32,6;0.4;0.01;2
Brain_RIBO;360;45;95;8,8,8;raw;slow;0.1;5;550;32,6;0.4;0.01;2
Brain_RIBO;361;45;95;8,8,8;raw;slow;0.1;5;550;32,6;0.4;0.01;2
Brain_RIBO;362;45;95;8,8,8;raw;slow;0.1;5;550;32,6;0.4;0.01;2
Brain_RIBO;363;45;95;8,8,8;raw;slow;0.1;5;550;32,6;0.4;0.01;2
Brain_RIBO;364;45;95;8,8,8;raw;slow;0.1;5;550;32,6;0.4;0.01;2
Brain_RIBO;365;45;95;8,8,8;raw;slow;0.1;5;550;32,6;0.4;0.01;2
Brain_RIBO;366;45;95;8,8,8;raw;slow;0.1;5;550;32,6;0.4;0.01;2
Brain_RIBO;367;45;95;8,8,8;raw;slow;0.1;5;550;32,6;0.4;0.01;2
Brain_RIBO;368;45;95;8,8,8;raw;slow;0.1;5;550;32,6;0.4;0.01;2
Brain_RIBO;369;45;95;8,8,8;raw;slow;0.1;5;550;32,6;0.4;0.01;2
Brain_RIBO;370;45;95;8,8,8;raw;slow;0.1;5;550;32,6;0.4;0.01;2
Brain_RIBO;371;45;95;8,8,8;raw;slow;0.1;5;550;32,6;0.4;0.01;2
Brain_RIBO;372;45;95;8,8,8;raw;slow;0.1;5;550;32,6;0.4;0.01;2
Brain_RIBO;373;45;95;8,8,8;raw;slow;0.1;5;550;32,6;0.4;0.01;2
Brain_RIBO;374;45;95;8,8,8;raw;slow;0.1;5;550;32,6;0.4;0.01;2
Brain_RIBO;375;45;95;8,8,8;raw;slow;0.1;5;550;32,6;0.4;0.01;2
Brain_RIBO;376;45;95;8,8,8;raw;slow;0.1;5;550;32,6;0.4;0.01;2
Brain_RIBO;377;45;95;8,8,8;raw;slow;0.1;5;550;32,6;0.4;0.01;2
Brain_RIBO;378;45;95;8,8,8;raw;slow;0.1;5;550;32,6;0.4;0.01;2
Brain_RIBO;379;45;95;8,8,8;raw;slow;0.1;5;550;32,6;0.4;0.01;2
Brain_RIBO;380;45;95;8,8,8;raw;slow;0.1;5;550;32,6;0.4;0.01;2
Brain_RIBO;381;45;95;8,8,8;raw;slow;0.1;5;550;32,6;0.4;0.01;2
Brain_RIBO;382;45;95;8,8,8;raw;slow;0.1;5;550;32,6;0.4;0.01;2
Brain_RIBO;383;45;95;8,8,8;raw;slow;0.1;5;550;32,6;0.4;0.01;2
Brain_RIBO;384;45;95;8,8,8;raw;slow;0.1;5;550;32,6;0.4;0.01;2
Brain_RIBO;385;45;95;8,8,8;raw;slow;0.1;5;550;32,6;0.4;0.01;2
Brain_RIBO;386;45;95;8,8,8;raw;slow;0.1;5;550;32,6;0.4;0.01;2
Brain_RIBO;387;45;95;8,8,8;raw;slow;0.1;5;550;32,6;0.4;0.01;2
Brain_RIBO;388;45;95;8,8,8;raw;slow;0.1;5;550;32,6;0.4;0.01;2
Brain_RIBO;389;45;95;8,8,8;raw;slow;0.1;5;550;32,6;0.4;0.01;2
Brain_RIBO;390;45;95;8,8,8;raw;slow;0.1;5;550;32,6;0.4;0.01;2
Brain_RIBO;391;45;95;8,8,8;raw;slow;0.1;5;550;32,6;0.4;0.01;2
Brain_RIBO;392;45;95;8,8,8;raw;slow;0.1;5;550;32,6;0.4;0.01;2
Brain_RIBO;393;45;95;8,8,8;raw;slow;0.1;5;550;32,6;0.4;0.01;2
Brain_RIBO;394;45;95;8,8,8;raw;slow;0.1;5;550;32,6;0.4;0.01;2
Brain_RIBO;395;45;95;8,8,8;raw;slow;0.1;5;550;32,6;0.4;0.01;2
Brain_RIBO;396;45;95;8,8,8;raw;slow;0.1;5;550;32,6;0.4;0.01;2
Brain_RIBO;397;45;95;8,8,8;raw;slow;0.1;5;550;32,6;0.4;0.01;2
Brain_RIBO;398;45;95;8,8,8;raw;slow;0.1;5;550;32,6;0.4;0.01;2
Brain_RIBO;399;45;95;8,8,8;raw;slow;0.1;5;550;32,6;0.4;0.01;2
Brain_RIBO;400;45;95;8,8,8;raw;slow;0.1;5;550;32,6;0.4;0.01;2
Brain_RIBO;401;45;95;8,8,8;raw;slow;0.1;5;550;32,6;0.4;0.01;2
Brain_RIBO;402;45;95;8,8,8;raw;slow;0.1;5;550;32,6;0.4;0.01;2
Brain_RIBO;403;45;95;8,8,8;raw;slow;0.1;5;550;32,6;0.4;0.01;2
Brain_RIBO;404;45;95;8,8,8;raw;slow;0.1;5;550;32,6;0.4;0.01;2
Brain_RIBO;405;45;95;8,8,8;raw;slow;0.1;5;550;32,6;0.4;0.01;2
Brain_RIBO;406;45;95;8,8,8;raw;slow;0.1;5;550;32,6;0.4;0.01;2
Brain_RIBO;407;45;95;8,8,8;raw;slow;0.1;5;550;32,6;0.4;0.01;2
Brain_RIBO;408;45;95;8,8,8;raw;slow;0.1;5;550;32,6;0.4;0.01;2
Brain_RIBO;409;45;95;8,8,8;raw;slow;0.1;5;550;32,6;0.4;0.01;2
Brain_RIBO;410;45;95;8,8,8;raw;slow;0.1;5;550;32,6;0.4;0.01;2
Brain_RIBO;411;45;95;8,8,8;raw;slow;0.1;5;550;32,6;0.4;0.01;2
Brain_RIBO;412;45;95;8,8,8;raw;slow;0.1;5;550;32,6;0.4;0.01;2
Brain_RIBO;413;45;95;8,8,8;raw;slow;0.1;5;550;32,6;0.4;0.01;2
Brain_RIBO;414;45;95;8,8,8;raw;slow;0.1;5;550;32,6;0.4;0.01;2
Brain_RIBO;415;45;95;8,8,8;raw;slow;0.1;5;550;32,6;0.4;0.01;2
Brain_RIBO;416;45;95;8,8,8;raw;slow;0.1;5;550;32,6;0.4;0.01;2
Brain_RIBO;417;45;95;8,8,8;raw;slow;0.1;5;550;32,6;0.4;0.01;2
Brain_RIBO;418;45;95;8,8,8;raw;slow;0.1;5;550;32,6;0.4;0.01;2
Brain_RIBO;419;45;95;8,8,8;raw;slow;0.1;5;550;32,6;0.4;0.01;2
Brain_RIBO;420;45;95;8,8,8;raw;slow;0.1;5;550;32,6;0.4;0.01;2
Brain_RIBO;421;45;95;8,8,8;raw;slow;0.1;5;550;32,6;0.4;0.01;2
Brain_RIBO;422;45;95;8,8,8;raw;slow;0.1;5;550;32,6;0.4;0.01;2
Brain_RIBO;423;45;95;8,8,8;raw;slow;0.1;5;550;32,6;0.4;0.01;2
Brain_RIBO;424;45;95;8,8,8;raw;slow;0.1;5;550;32,6;0.4;0.01;2
Brain_RIBO;425;45;95;8,8,8;raw;slow;0.1;5;550;32,6;0.4;0.01;2
Brain_RIBO;426;45;95;8,8,8;raw;slow;0.1;5;550;32,6;0.4;0.01;2
Brain_RIBO;427;45;95;8,8,8;raw;slow;0.1;5;550;32,6;0.4;0.01;2
Brain_RIBO;428;45;95;8,8,8;raw;slow;0.1;5;550;32,6;0.4;0.01;2
Brain_RIBO;429;45;95;8,8,8;raw;slow;0.1;5;550;32,6;0.4;0.01;2
Brain_RIBO;430;45;95;8,8,8;raw;slow;0.1;5;550;32,6;0.4;0.01;2
Brain_RIBO;431;45;95;8,8,8;raw;slow;0.1;5;550;32,6;0.4;0.01;2
Brain_RIBO;432;45;95;8,8,8;raw;slow;0.1;5;550;32,6;0.4;0.01;2
Brain_RIBO;433;45;95;8,8,8;raw;slow;0.1;5;550;32,6;0.4;0.01;2
Brain_RIBO;434;45;95;8,8,8;raw;slow;0.1;5;550;32,6;0.4;0.01;2
Brain_RIBO;435;45;95;8,8,8;raw;slow;0.1;5;550;32,6;0.4;0.01;2
Brain_RIBO;436;45;95;8,8,8;raw;slow;0.1;5;550;32,6;0.4;0.01;2
Brain_RIBO;437;45;95;8,8,8;raw;slow;0.1;5;550;32,6;0.4;0.01;2
Brain_RIBO;438;45;95;8,8,8;raw;slow;0.1;5;550;32,6;0.4;0.01;2
Brain_RIBO;439;45;95;8,8,8;raw;slow;0.1;5;550;32,6;0.4;0.01;2
Brain_RIBO;440;45;95;8,8,8;raw;slow;0.1;5;550;32,6;0.4;0.01;2
Brain_RIBO;441;45;95;8,8,8;raw;slow;0.1;5;550;32,6;0.4;0.01;2
Brain_RIBO;442;45;95;8,8,8;raw;slow;0.1;5;550;32,6;0.4;0.01;2
Brain_RIBO;443;45;95;8,8,8;raw;slow;0.1;5;550;32,6;0.4;0.01;2
Brain_RIBO;444;45;95;8,8,8;raw;slow;0.1;5;550;32,6;0.4;0.01;2
Brain_RIBO;445;45;95;8,8,8;raw;slow;0.1;5;550;32,6;0.4;0.01;2
Brain_RIBO;446;45;95;8,8,8;raw;slow;0.1;5;550;32,6;0.4;0.01;2
Brain_RIBO;447;45;95;8,8,8;raw;slow;0.1;5;550;32,6;0.4;0.01;2
Brain_RIBO;448;45;95;8,8,8;raw;slow;0.1;5;550;32,6;0.4;0.01;2
Brain_RIBO;449;45;95;8,8,8;raw;slow;0.1;5;550;32,6;0.4;0.01;2
Brain_RIBO;450;45;95;8,8,8;raw;slow;0.1;5;550;32,6;0.4;0.01;2
Brain_RIBO;451;45;95;8,8,8;raw;slow;0.1;5;550;32,6;0.4;0.01;2
Brain_RIBO;452;45;95;8,8,8;raw;slow;0.1;5;550;32,6;0.4;0.01;2
Brain_RIBO;453;45;95;8,8,8;raw;slow;0.1;5;550;32,6;0.4;0.01;2
Brain_RIBO;454;45;95;8,8,8;raw;slow;0.1;5;550;32,6;0.4;0.01;2
Brain_RIBO;455;45;95;8,8,8;raw;slow;0.1;5;550;32,6;0.4;0.01;2
Brain_RIBO;456;45;95;8,8,8;raw;slow;0.1;5;550;32,6;0.4;0.01;2
Brain_RIBO;457;45;95;8,8,8;raw;slow;0.1;5;550;32,6;0.4;0.01;2
Brain_RIBO;458;45;95;8,8,8;raw;slow;0.1;5;550;32,6;0.4;0.01;2
Brain_RIBO;459;45;95;8,8,8;raw;slow;0.1;5;550;32,6;0.4;0.01;2
Brain_RIBO;460;45;95;8,8,8;raw;slow;0.1;5;550;32,6;0.4;0.01;2
Brain_RIBO;461;45;95;8,8,8;raw;slow;0.1;5;550;32,6;0.4;0.01;2
Brain_RIBO;462;45;95;8,8,8;raw;slow;0.1;5;550;32,6;0.4;0.01;2
Brain_RIBO;463;45;95;8,8,8;raw;slow;0.1;5;550;32,6;0.4;0.01;2
Brain_RIBO;464;45;95;8,8,8;raw;slow;0.1;5;550;32,6;0.4;0.01;2
Brain_RIBO;465;45;95;8,8,8;raw;slow;0.1;5;550;32,6;0.4;0.01;2
Brain_RIBO;466;45;95;8,8,8;raw;slow;0.1;5;550;32,6;0.4;0.01;2
Brain_RIBO;467;45;95;8,8,8;raw;slow;0.1;5;550;32,6;0.4;0.01;2
Brain_RIBO;468;45;95;8,8,8;raw;slow;0.1;5;550;32,6;0.4;0.01;2
Brain_RIBO;469;45;95;8,8,8;raw;slow;0.1;5;550;32,6;0.4;0.01;2
Brain_RIBO;470;45;95;8,8,8;raw;slow;0.1;5;550;32,6;0.4;0.01;2
Brain_RIBO;471;45;95;8,8,8;raw;slow;0.1;5;550;32,6;0.4;0.01;2
Brain_RIBO;472;45;95;8,8,8;raw;slow;0.1;5;550;32,6;0.4;0.01;2
Brain_RIBO;473;45;95;8,8,8;raw;slow;0.1;5;550;32,6;0.4;0.01;2
Brain_RIBO;474;45;95;8,8,8;raw;slow;0.1;5;550;32,6;0.4;0.01;2
Brain_RIBO;475;45;95;8,8,8;raw;slow;0.1;5;550;32,6;0.4;0.01;2
Brain_RIBO;476;45;95;8,8,8;raw;slow;0.1;5;550;32,6;0.4;0.01;2
Brain_RIBO;477;45;95;8,8,8;raw;slow;0.1;5;550;32,6;0.4;0.01;2
Brain_RIBO;478;45;95;8,8,8;raw;slow;0.1;5;550;32,6;0.4;0.01;2
Brain_RIBO;479;45;95;8,8,8;raw;slow;0.1;5;550;32,6;0.4;0.01;2
Brain_RIBO;480;45;95;8,8,8;raw;slow;0.1;5;550;32,6;0.4;0.01;2
Brain_RIBO;481;45;95;8,8,8;raw;slow;0.1;5;550;32,6;0.4;0.01;2
Brain_RIBO;482;45;95;8,8,8;raw;slow;0.1;5;550;32,6;0.4;0.01;2
Brain_RIBO;483;45;95;8,8,8;raw;slow;0.1;5;550;32,6;0.4;0.01;2
Brain_RIBO;484;45;95;8,8,8;raw;slow;0.1;5;550;32,6;0.4;0.01;2
Brain_RIBO;485;45;95;8,8,8;raw;slow;0.1;5;550;32,6;0.4;0.01;2
Brain_RIBO;486;45;95;8,8,8;raw;slow;0.1;5;550;32,6;0.4;0.01;2
Brain_RIBO;487;45;95;8,8,8;raw;slow;0.1;5;550;32,6;0.4;0.01;2
Brain_RIBO;488;45;95;8,8,8;raw;slow;0.1;5;550;32,6;0.4;0.01;2
Brain_RIBO;489;45;95;8,8,8;raw;slow;0.1;5;550;32,6;0.4;0.01;2
Brain_RIBO;490;45;95;8,8,8;raw;slow;0.1;5;550;32,6;0.4;0.01;2
Brain_RIBO;491;45;95;8,8,8;raw;slow;0.1;5;550;32,6;0.4;0.01;2
Brain_RIBO;492;45;95;8,8,8;raw;slow;0.1;5;550;32,6;0.4;0.01;2
Brain_RIBO;493;45;95;8,8,8;raw;slow;0.1;5;550;32,6;0.4;0.01;2
Brain_RIBO;494;45;95;8,8,8;raw;slow;0.1;5;550;32,6;0.4;0.01;2
Brain_RIBO;495;45;95;8,8,8;raw;slow;0.1;5;550;32,6;0.4;0.01;2
Brain_RIBO;496;45;95;8,8,8;raw;slow;0.1;5;550;32,6;0.4;0.01;2
Brain_RIBO;497;45;95;8,8,8;raw;slow;0.1;5;550;32,6;0.4;0.01;2
Brain_RIBO;498;45;95;8,8,8;raw;slow;0.1;5;550;32,6;0.4;0.01;2
Brain_RIBO;499;45;95;8,8,8;raw;slow;0.1;5;550;32,6;0.4;0.01;2
Brain_STAR;500;45;95;8,8,8;raw;slow;0.1;5;550;32,6;0.4;0.01;2
Brain_STAR;501;45;95;8,8,8;raw;slow;0.1;5;550;32,6;0.4;0.01;2
Brain_STAR;502;45;95;8,8,8;raw;slow;0.1;5;550;32,6;0.4;0.01;2
Brain_STAR;503;45;95;8,8,8;raw;slow;0.1;5;550;32,6;0.4;0.01;2
Brain_STAR;504;45;95;8,8,8;raw;slow;0.1;5;550;32,6;0.4;0.01;2
Brain_STAR;505;45;95;8,8,8;raw;slow;0.1;5;550;32,6;0.4;0.01;2
Brain_STAR;506;45;95;8,8,8;raw;slow;0.1;5;550;32,6;0.4;0.01;2
Brain_STAR;507;45;95;8,8,8;raw;slow;0.1;5;550;32,6;0.4;0.01;2
Brain_STAR;508;45;95;8,8,8;raw;slow;0.1;5;550;32,6;0.4;0.01;2
Brain_STAR;509;45;95;8,8,8;raw;slow;0.1;5;550;32,6;0.4;0.01;2
Brain_STAR;510;45;95;8,8,8;raw;slow;0.1;5;550;32,6;0.4;0.01;2
Brain_STAR;511;45;95;8,8,8;raw;slow;0.1;5;550;32,6;0.4;0.01;2
Brain_STAR;512;45;95;8,8,8;raw;slow;0.1;5;550;32,6;0.4;0.01;2
Brain_STAR;513;45;95;8,8,8;raw;slow;0.1;5;550;32,6;0.4;0.01;2
Brain_STAR;514;45;95;8,8,8;raw;slow;0.1;5;550;32,6;0.4;0.01;2
Brain_STAR;515;45;95;8,8,8;raw;slow;0.1;5;550;32,6;0.4;0.01;2
Brain_STAR;516;45;95;8,8,8;raw;slow;0.1;5;550;32,6;0.4;0.01;2
Brain_STAR;517;45;95;8,8,8;raw;slow;0.1;5;550;32,6;0.4;0.01;2
Brain_STAR;518;45;95;8,8,8;raw;slow;0.1;5;550;32,6;0.4;0.01;2
Brain_STAR;519;45;95;8,8,8;raw;slow;0.1;5;550;32,6;0.4;0.01;2
Brain_STAR;520;45;95;8,8,8;raw;slow;0.1;5;550;32,6;0.4;0.01;2
Brain_STAR;521;45;95;8,8,8;raw;slow;0.1;5;550;32,6;0.4;0.01;2
Brain_STAR;522;45;95;8,8,8;raw;slow;0.1;5;550;32,6;0.4;0.01;2
Brain_STAR;523;45;95;8,8,8;raw;slow;0.1;5;550;32,6;0.4;0.01;2
Brain_STAR;524;45;95;8,8,8;raw;slow;0.1;5;550;32,6;0.4;0.01;2
Brain_STAR;525;45;95;8,8,8;raw;slow;0.1;5;550;32,6;0.4;0.01;2
Brain_STAR;526;45;95;8,8,8;raw;slow;0.1;5;550;32,6;0.4;0.01;2
Brain_STAR;527;45;95;8,8,8;raw;slow;0.1;5;550;32,6;0.4;0.01;2
Brain_STAR;528;45;95;8,8,8;raw;slow;0.1;5;550;32,6;0.4;0.01;2
Brain_STAR;529;45;95;8,8,8;raw;slow;0.1;5;550;32,6;0.4;0.01;2
Brain_STAR;530;45;95;8,8,8;raw;slow;0.1;5;550;32,6;0.4;0.01;2
Brain_STAR;531;45;95;8,8,8;raw;slow;0.1;5;550;32,6;0.4;0.01;2
Brain_STAR;532;45;95;8,8,8;raw;slow;0.1;5;550;32,6;0.4;0.01;2
Brain_STAR;533;45;95;8,8,8;raw;slow;0.1;5;550;32,6;0.4;0.01;2
Brain_STAR;534;45;95;8,8,8;raw;slow;0.1;5;550;32,6;0.4;0.01;2
Brain_STAR;535;45;95;8,8,8;raw;slow;0.1;5;550;32,6;0.4;0.01;2
Brain_STAR;536;45;95;8,8,8;raw;slow;0.1;5;550;32,6;0.4;0.01;2
Brain_STAR;537;45;95;8,8,8;raw;slow;0.1;5;550;32,6;0.4;0.01;2
Brain_STAR;538;45;95;8,8,8;raw;slow;0.1;5;550;32,6;0.4;0.01;2
Brain_STAR;539;45;95;8,8,8;raw;slow;0.1;5;550;32,6;0.4;0.01;2
Brain_STAR;540;45;95;8,8,8;raw;slow;0.1;5;550;32,6;0.4;0.01;2
Brain_STAR;541;45;95;8,8,8;raw;slow;0.1;5;550;32,6;0.4;0.01;2
Brain_STAR;542;45;95;8,8,8;raw;slow;0.1;5;550;32,6;0.4;0.01;2
Brain_STAR;543;45;95;8,8,8;raw;slow;0.1;5;550;32,6;0.4;0.01;2
Brain_STAR;544;45;95;8,8,8;raw;slow;0.1;5;550;32,6;0.4;0.01;2
Brain_STAR;545;45;95;8,8,8;raw;slow;0.1;5;550;32,6;0.4;0.01;2
Brain_STAR;546;45;95;8,8,8;raw;slow;0.1;5;550;32,6;0.4;0.01;2
Brain_STAR;547;45;95;8,8,8;raw;slow;0.1;5;550;32,6;0.4;0.01;2
Brain_STAR;548;45;95;8,8,8;raw;slow;0.1;5;550;32,6;0.4;0.01;2
Brain_STAR;549;45;95;8,8,8;raw;slow;0.1;5;550;32,6;0.4;0.01;2
Brain_STAR;550;45;95;8,8,8;raw;slow;0.1;5;550;32,6;0.4;0.01;2
Brain_STAR;551;45;95;8,8,8;raw;slow;0.1;5;550;32,6;0.4;0.01;2
Brain_STAR;552;45;95;8,8,8;raw;slow;0.1;5;550;32,6;0.4;0.01;2
Brain_STAR;553;45;95;8,8,8;raw;slow;0.1;5;550;32,6;0.4;0.01;2
Brain_STAR;554;45;95;8,8,8;raw;slow;0.1;5;550;32,6;0.4;0.01;2
Brain_STAR;555;45;95;8,8,8;raw;slow;0.1;5;550;32,6;0.4;0.01;2
Brain_STAR;556;45;95;8,8,8;raw;slow;0.1;5;550;32,6;0.4;0.01;2
Brain_STAR;557;45;95;8,8,8;raw;slow;0.1;5;550;32,6;0.4;0.01;2
Brain_STAR;558;45;95;8,8,8;raw;slow;0.1;5;550;32,6;0.4;0.01;2
Brain_STAR;559;45;95;8,8,8;raw;slow;0.1;5;550;32,6;0.4;0.01;2
Brain_STAR;560;45;95;8,8,8;raw;slow;0.1;5;550;32,6;0.4;0.01;2
Brain_STAR;561;45;95;8,8,8;raw;slow;0.1;5;550;32,6;0.4;0.01;2
Brain_STAR;562;45;95;8,8,8;raw;slow;0.1;5;550;32,6;0.4;0.01;2
Brain_STAR;563;45;95;8,8,8;raw;slow;0.1;5;550;32,6;0.4;0.01;2
Brain_STAR;564;45;95;8,8,8;raw;slow;0.1;5;550;32,6;0.4;0.01;2
Brain_STAR;565;45;95;8,8,8;raw;slow;0.1;5;550;32,6;0.4;0.01;2
Brain_STAR;566;45;95;8,8,8;raw;slow;0.1;5;550;32,6;0.4;0.01;2
Brain_STAR;567;45;95;8,8,8;raw;slow;0.1;5;550;32,6;0.4;0.01;2
Brain_STAR;568;45;95;8,8,8;raw;slow;0.1;5;550;32,6;0.4;0.01;2
Brain_STAR;569;45;95;8,8,8;raw;slow;0.1;5;550;32,6;0.4;0.01;2
Brain_STAR;570;45;95;8,8,8;raw;slow;0.1;5;550;32,6;0.4;0.01;2
Brain_STAR;571;45;95;8,8,8;raw;slow;0.1;5;550;32,6;0.4;0.01;2
Brain_STAR;572;45;95;8,8,8;raw;slow;0.1;5;550;32,6;0.4;0.01;2
Brain_STAR;573;45;95;8,8,8;raw;slow;0.1;5;550;32,6;0.4;0.01;2
Brain_STAR;574;45;95;8,8,8;raw;slow;0.1;5;550;32,6;0.4;0.01;2
Brain_STAR;575;45;95;8,8,8;raw;slow;0.1;5;550;32,6;0.4;0.01;2
Brain_STAR;576;45;95;8,8,8;raw;slow;0.1;5;550;32,6;0.4;0.01;2
Brain_STAR;577;45;95;8,8,8;raw;slow;0.1;5;550;32,6;0.4;0.01;2
Brain_STAR;578;45;95;8,8,8;raw;slow;0.1;5;550;32,6;0.4;0.01;2
Brain_STAR;579;45;95;8,8,8;raw;slow;0.1;5;550;32,6;0.4;0.01;2
Brain_STAR;580;45;95;8,8,8;raw;slow;0.1;5;550;32,6;0.4;0.01;2
Brain_STAR;581;45;95;8,8,8;raw;slow;0.1;5;550;32,6;0.4;0.01;2
Brain_STAR;582;45;95;8,8,8;raw;slow;0.1;5;550;32,6;0.4;0.01;2
Brain_STAR;583;45;95;8,8,8;raw;slow;0.1;5;550;32,6;0.4;0.01;2
Brain_STAR;584;45;95;8,8,8;raw;slow;0.1;5;550;32,6;0.4;0.01;2
Brain_STAR;585;45;95;8,8,8;raw;slow;0.1;5;550;32,6;0.4;0.01;2
Brain_STAR;586;45;95;8,8,8;raw;slow;0.1;5;550;32,6;0.4;0.01;2
Brain_STAR;587;45;95;8,8,8;raw;slow;0.1;5;550;32,6;0.4;0.01;2
Brain_STAR;588;45;95;8,8,8;raw;slow;0.1;5;550;32,6;0.4;0.01;2
Brain_STAR;589;45;95;8,8,8;raw;slow;0.1;5;550;32,6;0.4;0.01;2
Brain_STAR;590;45;95;8,8,8;raw;slow;0.1;5;550;32,6;0.4;0.01;2
Brain_STAR;591;45;95;8,8,8;raw;slow;0.1;5;550;32,6;0.4;0.01;2
Brain_STAR;592;45;95;8,8,8;raw;slow;0.1;5;550;32,6;0.4;0.01;2
Brain_STAR;593;45;95;8,8,8;raw;slow;0.1;5;550;32,6;0.4;0.01;2
Brain_STAR;594;45;95;8,8,8;raw;slow;0.1;5;550;32,6;0.4;0.01;2
Brain_STAR;595;45;95;8,8,8;raw;slow;0.1;5;550;32,6;0.4;0.01;2
Brain_STAR;596;45;95;8,8,8;raw;slow;0.1;5;550;32,6;0.4;0.01;2
Brain_STAR;597;45;95;8,8,8;raw;slow;0.1;5;550;32,6;0.4;0.01;2
Brain_STAR;598;45;95;8,8,8;raw;slow;0.1;5;550;32,6;0.4;0.01;2
Brain_STAR;599;45;95;8,8,8;raw;slow;0.1;5;550;32,6;0.4;0.01;2
Brain_STAR;600;45;95;8,8,8;raw;slow;0.1;5;550;32,6;0.4;0.01;2
Brain_STAR;601;45;95;8,8,8;raw;slow;0.1;5;550;32,6;0.4;0.01;2
Brain_STAR;602;45;95;8,8,8;raw;slow;0.1;5;550;32,6;0.4;0.01;2
Brain_STAR;603;45;95;8,8,8;raw;slow;0.1;5;550;32,6;0.4;0.01;2
Brain_STAR;604;45;95;8,8,8;raw;slow;0.1;5;550;32,6;0.4;0.01;2
Brain_STAR;605;45;95;8,8,8;raw;slow;0.1;5;550;32,6;0.4;0.01;2
Brain_STAR;606;45;95;8,8,8;raw;slow;0.1;5;550;32,6;0.4;0.01;2
Brain_STAR;607;45;95;8,8,8;raw;slow;0.1;5;550;32,6;0.4;0.01;2
Brain_STAR;608;45;95;8,8,8;raw;slow;0.1;5;550;32,6;0.4;0.01;2
Brain_STAR;609;45;95;8,8,8;raw;slow;0.1;5;550;32,6;0.4;0.01;2
Brain_STAR;610;45;95;8,8,8;raw;slow;0.1;5;550;32,6;0.4;0.01;2
Brain_STAR;611;45;95;8,8,8;raw;slow;0.1;5;550;32,6;0.4;0.01;2
Brain_STAR;612;45;95;8,8,8;raw;slow;0.1;5;550;32,6;0.4;0.01;2
Brain_STAR;613;45;95;8,8,8;raw;slow;0.1;5;550;32,6;0.4;0.01;2
Brain_STAR;614;45;95;8,8,8;raw;slow;0.1;5;550;32,6;0.4;0.01;2
Brain_STAR;615;45;95;8,8,8;raw;slow;0.1;5;550;32,6;0.4;0.01;2
Brain_STAR;616;45;95;8,8,8;raw;slow;0.1;5;550;32,6;0.4;0.01;2
Brain_STAR;617;45;95;8,8,8;raw;slow;0.1;5;550;32,6;0.4;0.01;2
Brain_STAR;618;45;95;8,8,8;raw;slow;0.1;5;550;32,6;0.4;0.01;2
Brain_STAR;619;45;95;8,8,8;raw;slow;0.1;5;550;32,6;0.4;0.01;2
Brain_STAR;620;45;95;8,8,8;raw;slow;0.1;5;550;32,6;0.4;0.01;2
Brain_STAR;621;45;95;8,8,8;raw;slow;0.1;5;550;32,6;0.4;0.01;2
Brain_STAR;622;45;95;8,8,8;raw;slow;0.1;5;550;32,6;0.4;0.01;2
Brain_STAR;623;45;95;8,8,8;raw;slow;0.1;5;550;32,6;0.4;0.01;2
Brain_STAR;624;45;95;8,8,8;raw;slow;0.1;5;550;32,6;0.4;0.01;2
Brain_STAR;625;45;95;8,8,8;raw;slow;0.1;5;550;32,6;0.4;0.01;2
Brain_STAR;626;45;95;8,8,8;raw;slow;0.1;5;550;32,6;0.4;0.01;2
Brain_STAR;627;45;95;8,8,8;raw;slow;0.1;5;550;32,6;0.4;0.01;2
Brain_STAR;628;45;95;8,8,8;raw;slow;0.1;5;550;32,6;0.4;0.01;2
Brain_STAR;629;45;95;8,8,8;raw;slow;0.1;5;550;32,6;0.4;0.01;2
Brain_STAR;630;45;95;8,8,8;raw;slow;0.1;5;550;32,6;0.4;0.01;2
Brain_STAR;631;45;95;8,8,8;raw;slow;0.1;5;550;32,6;0.4;0.01;2
Brain_STAR;632;45;95;8,8,8;raw;slow;0.1;5;550;32,6;0.4;0.01;2
Brain_STAR;633;45;95;8,8,8;raw;slow;0.1;5;550;32,6;0.4;0.01;2
Brain_STAR;634;45;95;8,8,8;raw;slow;0.1;5;550;32,6;0.4;0.01;2
Brain_STAR;635;45;95;8,8,8;raw;slow;0.1;5;550;32,6;0.4;0.01;2
Brain_STAR;636;45;95;8,8,8;raw;slow;0.1;5;550;32,6;0.4;0.01;2
Brain_STAR;637;45;95;8,8,8;raw;slow;0.1;5;550;32,6;0.4;0.01;2
Brain_STAR;638;45;95;8,8,8;raw;slow;0.1;5;550;32,6;0.4;0.01;2
Brain_STAR;639;45;95;8,8,8;raw;slow;0.1;5;550;32,6;0.4;0.01;2
Brain_STAR;640;45;95;8,8,8;raw;slow;0.1;5;550;32,6;0.4;0.01;2
Brain_STAR;641;45;95;8,8,8;raw;slow;0.1;5;550;32,6;0.4;0.01;2
Brain_STAR;642;45;95;8,8,8;raw;slow;0.1;5;550;32,6;0.4;0.01;2
Brain_STAR;643;45;95;8,8,8;raw;slow;0.1;5;550;32,6;0.4;0.01;2
Brain_STAR;644;45;95;8,8,8;raw;slow;0.1;5;550;32,6;0.4;0.01;2
Brain_STAR;645;45;95;8,8,8;raw;slow;0.1;5;550;32,6;0.4;0.01;2
Brain_STAR;646;45;95;8,8,8;raw;slow;0.1;5;550;32,6;0.4;0.01;2
Brain_STAR;647;45;95;8,8,8;raw;slow;0.1;5;550;32,6;0.4;0.01;2
Brain_STAR;648;45;95;8,8,8;raw;slow;0.1;5;550;32,6;0.4;0.01;2
Brain_STAR;649;45;95;8,8,8;raw;slow;0.1;5;550;32,6;0.4;0.01;2
Brain_STAR;650;45;95;8,8,8;raw;slow;0.1;5;550;32,6;0.4;0.01;2
Brain_STAR;651;45;95;8,8,8;raw;slow;0.1;5;550;32,6;0.4;0.01;2
Brain_STAR;652;45;95;8,8,8;raw;slow;0.1;5;550;32,6;0.4;0.01;2
Brain_STAR;653;45;95;8,8,8;raw;slow;0.1;5;550;32,6;0.4;0.01;2
Brain_STAR;654;45;95;8,8,8;raw;slow;0.1;5;550;32,6;0.4;0.01;2
Brain_STAR;655;45;95;8,8,8;raw;slow;0.1;5;550;32,6;0.4;0.01;2
Brain_STAR;656;45;95;8,8,8;raw;slow;0.1;5;550;32,6;0.4;0.01;2
Brain_STAR;657;45;95;8,8,8;raw;slow;0.1;5;550;32,6;0.4;0.01;2
Brain_STAR;658;45;95;8,8,8;raw;slow;0.1;5;550;32,6;0.4;0.01;2
Brain_STAR;659;45;95;8,8,8;raw;slow;0.1;5;550;32,6;0.4;0.01;2
Brain_STAR;660;45;95;8,8,8;raw;slow;0.1;5;550;32,6;0.4;0.01;2
Brain_STAR;661;45;95;8,8,8;raw;slow;0.1;5;550;32,6;0.4;0.01;2
Brain_STAR;662;45;95;8,8,8;raw;slow;0.1;5;550;32,6;0.4;0.01;2
Brain_STAR;663;45;95;8,8,8;raw;slow;0.1;5;550;32,6;0.4;0.01;2
Brain_STAR;664;45;95;8,8,8;raw;slow;0.1;5;550;32,6;0.4;0.01;2
Brain_STAR;665;45;95;8,8,8;raw;slow;0.1;5;550;32,6;0.4;0.01;2
Brain_STAR;666;45;95;8,8,8;raw;slow;0.1;5;550;32,6;0.4;0.01;2
Brain_STAR;667;45;95;8,8,8;raw;slow;0.1;5;550;32,6;0.4;0.01;2
Brain_STAR;668;45;95;8,8,8;raw;slow;0.1;5;550;32,6;0.4;0.01;2
Brain_STAR;669;45;95;8,8,8;raw;slow;0.1;5;550;32,6;0.4;0.01;2
Brain_STAR;670;45;95;8,8,8;raw;slow;0.1;5;550;32,6;0.4;0.01;2
Brain_STAR;671;45;95;8,8,8;raw;slow;0.1;5;550;32,6;0.4;0.01;2
Brain_STAR;672;45;95;8,8,8;raw;slow;0.1;5;550;32,6;0.4;0.01;2
Brain_STAR;673;45;95;8,8,8;raw;slow;0.1;5;550;32,6;0.4;0.01;2
Brain_STAR;674;45;95;8,8,8;raw;slow;0.1;5;550;32,6;0.4;0.01;2
Brain_STAR;675;45;95;8,8,8;raw;slow;0.1;5;550;32,6;0.4;0.01;2
Brain_STAR;676;45;95;8,8,8;raw;slow;0.1;5;550;32,6;0.4;0.01;2
Brain_STAR;677;45;95;8,8,8;raw;slow;0.1;5;550;32,6;0.4;0.01;2
Brain_STAR;678;45;95;8,8,8;raw;slow;0.1;5;550;32,6;0.4;0.01;2
Brain_STAR;679;45;95;8,8,8;raw;slow;0.1;5;550;32,6;0.4;0.01;2
Brain_STAR;680;45;95;8,8,8;raw;slow;0.1;5;550;32,6;0.4;0.01;2
Brain_STAR;681;45;95;8,8,8;raw;slow;0.1;5;550;32,6;0.4;0.01;2
Brain_STAR;682;45;95;8,8,8;raw;slow;0.1;5;550;32,6;0.4;0.01;2
Brain_STAR;683;45;95;8,8,8;raw;slow;0.1;5;550;32,6;0.4;0.01;2
Brain_STAR;684;45;95;8,8,8;raw;slow;0.1;5;550;32,6;0.4;0.01;2
Brain_STAR;685;45;95;8,8,8;raw;slow;0.1;5;550;32,6;0.4;0.01;2
Brain_STAR;686;45;95;8,8,8;raw;slow;0.1;5;550;32,6;0.4;0.01;2
Brain_STAR;687;45;95;8,8,8;raw;slow;0.1;5;550;32,6;0.4;0.01;2
Brain_STAR;688;45;95;8,8,8;raw;slow;0.1;5;550;32,6;0.4;0.01;2
Brain_STAR;689;45;95;8,8,8;raw;slow;0.1;5;550;32,6;0.4;0.01;2
Brain_STAR;690;45;95;8,8,8;raw;slow;0.1;5;550;32,6;0.4;0.01;2
Brain_STAR;691;45;95;8,8,8;raw;slow;0.1;5;550;32,6;0.4;0.01;2
Brain_STAR;692;45;95;8,8,8;raw;slow;0.1;5;550;32,6;0.4;0.01;2
Brain_STAR;693;45;95;8,8,8;raw;slow;0.1;5;550;32,6;0.4;0.01;2
Brain_STAR;694;45;95;8,8,8;raw;slow;0.1;5;550;32,6;0.4;0.01;2
Brain_STAR;695;45;95;8,8,8;raw;slow;0.1;5;550;32,6;0.4;0.01;2
Brain_STAR;696;45;95;8,8,8;raw;slow;0.1;5;550;32,6;0.4;0.01;2
Brain_STAR;697;45;95;8,8,8;raw;slow;0.1;5;550;32,6;0.4;0.01;2
Brain_STAR;698;45;95;8,8,8;raw;slow;0.1;5;550;32,6;0.4;0.01;2
Brain_STAR;699;45;95;8,8,8;raw;slow;0.1;5;550;32,6;0.4;0.01;2
Brain_STAR;700;45;95;8,8,8;raw;slow;0.1;5;550;32,6;0.4;0.01;2
Brain_STAR;701;45;95;8,8,8;raw;slow;0.1;5;550;32,6;0.4;0.01;2
Brain_STAR;702;45;95;8,8,8;raw;slow;0.1;5;550;32,6;0.4;0.01;2
Brain_STAR;703;45;95;8,8,8;raw;slow;0.1;5;550;32,6;0.4;0.01;2
Brain_STAR;704;45;95;8,8,8;raw;slow;0.1;5;550;32,6;0.4;0.01;2
Brain_STAR;705;45;95;8,8,8;raw;slow;0.1;5;550;32,6;0.4;0.01;2
Brain_STAR;706;45;95;8,8,8;raw;slow;0.1;5;550;32,6;0.4;0.01;2
Brain_STAR;707;45;95;8,8,8;raw;slow;0.1;5;550;32,6;0.4;0.01;2
Brain_STAR;708;45;95;8,8,8;raw;slow;0.1;5;550;32,6;0.4;0.01;2
Brain_STAR;709;45;95;8,8,8;raw;slow;0.1;5;550;32,6;0.4;0.01;2
Brain_STAR;710;45;95;8,8,8;raw;slow;0.1;5;550;32,6;0.4;0.01;2
Brain_STAR;711;45;95;8,8,8;raw;slow;0.1;5;550;32,6;0.4;0.01;2
Brain_STAR;712;45;95;8,8,8;raw;slow;0.1;5;550;32,6;0.4;0.01;2
Brain_STAR;713;45;95;8,8,8;raw;slow;0.1;5;550;32,6;0.4;0.01;2
Brain_STAR;714;45;95;8,8,8;raw;slow;0.1;5;550;32,6;0.4;0.01;2
Brain_STAR;715;45;95;8,8,8;raw;slow;0.1;5;550;32,6;0.4;0.01;2
Brain_STAR;716;45;95;8,8,8;raw;slow;0.1;5;550;32,6;0.4;0.01;2
Brain_STAR;717;45;95;8,8,8;raw;slow;0.1;5;550;32,6;0.4;0.01;2
Brain_STAR;718;45;95;8,8,8;raw;slow;0.1;5;550;32,6;0.4;0.01;2
Brain_STAR;719;45;95;8,8,8;raw;slow;0.1;5;550;32,6;0.4;0.01;2
Brain_STAR;720;45;95;8,8,8;raw;slow;0.1;5;550;32,6;0.4;0.01;2
Brain_STAR;721;45;95;8,8,8;raw;slow;0.1;5;550;32,6;0.4;0.01;2
Brain_STAR;722;45;95;8,8,8;raw;slow;0.1;5;550;32,6;0.4;0.01;2
Brain_STAR;723;45;95;8,8,8;raw;slow;0.1;5;550;32,6;0.4;0.01;2
Brain_STAR;724;45;95;8,8,8;raw;slow;0.1;5;550;32,6;0.4;0.01;2
Brain_STAR;725;45;95;8,8,8;raw;slow;0.1;5;550;32,6;0.4;0.01;2
Brain_STAR;726;45;95;8,8,8;raw;slow;0.1;5;550;32,6;0.4;0.01;2
Brain_STAR;727;45;95;8,8,8;raw;slow;0.1;5;550;32,6;0.4;0.01;2
Brain_STAR;728;45;95;8,8,8;raw;slow;0.1;5;550;32,6;0.4;0.01;2
Brain_STAR;729;45;95;8,8,8;raw;slow;0.1;5;550;32,6;0.4;0.01;2
Brain_STAR;730;45;95;8,8,8;raw;slow;0.1;5;550;32,6;0.4;0.01;2
Brain_STAR;731;45;95;8,8,8;raw;slow;0.1;5;550;32,6;0.4;0.01;2
Brain_STAR;732;45;95;8,8,8;raw;slow;0.1;5;550;32,6;0.4;0.01;2
Brain_STAR;733;45;95;8,8,8;raw;slow;0.1;5;550;32,6;0.4;0.01;2
Brain_STAR;734;45;95;8,8,8;raw;slow;0.1;5;550;32,6;0.4;0.01;2
Brain_STAR;735;45;95;8,8,8;raw;slow;0.1;5;550;32,6;0.4;0.01;2
Brain_STAR;736;45;95;8,8,8;raw;slow;0.1;5;550;32,6;0.4;0.01;2
Brain_STAR;737;45;95;8,8,8;raw;slow;0.1;5;550;32,6;0.4;0.01;2
Brain_STAR;738;45;95;8,8,8;raw;slow;0.1;5;550;32,6;0.4;0.01;2
Brain_STAR;739;45;95;8,8,8;raw;slow;0.1;5;550;32,6;0.4;0.01;2
Brain_STAR;740;45;95;8,8,8;raw;slow;0.1;5;550;32,6;0.4;0.01;2
Brain_STAR;741;45;95;8,8,8;raw;slow;0.1;5;550;32,6;0.4;0.01;2
Brain_STAR;742;45;95;8,8,8;raw;slow;0.1;5;550;32,6;0.4;0.01;2
Brain_STAR;743;45;95;8,8,8;raw;slow;0.1;5;550;32,6;0.4;0.01;2
Brain_STAR;744;45;95;8,8,8;raw;slow;0.1;5;550;32,6;0.4;0.01;2
Brain_STAR;745;45;95;8,8,8;raw;slow;0.1;5;550;32,6;0.4;0.01;2
Brain_STAR;746;45;95;8,8,8;raw;slow;0.1;5;550;32,6;0.4;0.01;2
Brain_STAR;747;45;95;8,8,8;raw;slow;0.1;5;550;32,6;0.4;0.01;2
Brain_STAR;748;45;95;8,8,8;raw;slow;0.1;5;550;32,6;0.4;0.01;2
Brain_STAR;749;45;95;8,8,8;raw;slow;0.1;5;550;32,6;0.4;0.01;2
Brain_STAR;750;45;95;8,8,8;raw;slow;0.1;5;550;32,6;0.4;0.01;2
Brain_STAR;751;45;95;8,8,8;raw;slow;0.1;5;550;32,6;0.4;0.01;2
Brain_STAR;752;45;95;8,8,8;raw;slow;0.1;5;550;32,6;0.4;0.01;2
Brain_STAR;753;45;95;8,8,8;raw;slow;0.1;5;550;32,6;0.4;0.01;2
Brain_STAR;754;45;95;8,8,8;raw;slow;0.1;5;550;32,6;0.4;0.01;2
Brain_STAR;755;45;95;8,8,8;raw;slow;0.1;5;550;32,6;0.4;0.01;2
Brain_STAR;756;45;95;8,8,8;raw;slow;0.1;5;550;32,6;0.4;0.01;2
Brain_STAR;757;45;95;8,8,8;raw;slow;0.1;5;550;32,6;0.4;0.01;2
Brain_STAR;758;45;95;8,8,8;raw;slow;0.1;5;550;32,6;0.4;0.01;2
Brain_STAR;759;45;95;8,8,8;raw;slow;0.1;5;550;32,6;0.4;0.01;2
Brain_STAR;760;45;95;8,8,8;raw;slow;0.1;5;550;32,6;0.4;0.01;2
Brain_STAR;761;45;95;8,8,8;raw;slow;0.1;5;550;32,6;0.4;0.01;2
Brain_STAR;762;45;95;8,8,8;raw;slow;0.1;5;550;32,6;0.4;0.01;2
Brain_STAR;763;45;95;8,8,8;raw;slow;0.1;5;550;32,6;0.4;0.01;2
Brain_STAR;764;45;95;8,8,8;raw;slow;0.1;5;550;32,6;0.4;0.01;2
Brain_STAR;765;45;95;8,8,8;raw;slow;0.1;5;550;32,6;0.4;0.01;2
Brain_STAR;766;45;95;8,8,8;raw;slow;0.1;5;550;32,6;0.4;0.01;2
Brain_STAR;767;45;95;8,8,8;raw;slow;0.1;5;550;32,6;0.4;0.01;2
Brain_STAR;768;45;95;8,8,8;raw;slow;0.1;5;550;32,6;0.4;0.01;2
Brain_STAR;769;45;95;8,8,8;raw;slow;0.1;5;550;32,6;0.4;0.01;2
Brain_STAR;770;45;95;8,8,8;raw;slow;0.1;5;550;32,6;0.4;0.01;2
Brain_STAR;771;45;95;8,8,8;raw;slow;0.1;5;550;32,6;0.4;0.01;2
Brain_STAR;772;45;95;8,8,8;raw;slow;0.1;5;550;32,6;0.4;0.01;2
Brain_STAR;773;45;95;8,8,8;raw;slow;0.1;5;550;32,6;0.4;0.01;2
Brain_STAR;774;45;95;8,8,8;raw;slow;0.1;5;550;32,6;0.4;0.01;2
Brain_STAR;775;45;95;8,8,8;raw;slow;0.1;5;550;32,6;0.4;0.01;2
Brain_STAR;776;45;95;8,8,8;raw;slow;0.1;5;550;32,6;0.4;0.01;2
Brain_STAR;777;45;95;8,8,8;raw;slow;0.1;5;550;32,6;0.4;0.01;2
Brain_STAR;778;45;95;8,8,8;raw;slow;0.1;5;550;32,6;0.4;0.01;2
Brain_STAR;779;45;95;8,8,8;raw;slow;0.1;5;550;32,6;0.4;0.01;2
Brain_STAR;780;45;95;8,8,8;raw;slow;0.1;5;550;32,6;0.4;0.01;2
Brain_STAR;781;45;95;8,8,8;raw;slow;0.1;5;550;32,6;0.4;0.01;2
Brain_STAR;782;45;95;8,8,8;raw;slow;0.1;5;550;32,6;0.4;0.01;2
Brain_STAR;783;45;95;8,8,8;raw;slow;0.1;5;550;32,6;0.4;0.01;2
Brain_STAR;784;45;95;8,8,8;raw;slow;0.1;5;550;32,6;0.4;0.01;2
Brain_STAR;785;45;95;8,8,8;raw;slow;0.1;5;550;32,6;0.4;0.01;2
Brain_STAR;786;45;95;8,8,8;raw;slow;0.1;5;550;32,6;0.4;0.01;2
Brain_STAR;787;45;95;8,8,8;raw;slow;0.1;5;550;32,6;0.4;0.01;2
Brain_STAR;788;45;95;8,8,8;raw;slow;0.1;5;550;32,6;0.4;0.01;2
Brain_STAR;789;45;95;8,8,8;raw;slow;0.1;5;550;32,6;0.4;0.01;2
Brain_STAR;790;45;95;8,8,8;raw;slow;0.1;5;550;32,6;0.4;0.01;2
Brain_STAR;791;45;95;8,8,8;raw;slow;0.1;5;550;32,6;0.4;0.01;2
Brain_STAR;792;45;95;8,8,8;raw;slow;0.1;5;550;32,6;0.4;0.01;2
Brain_STAR;793;45;95;8,8,8;raw;slow;0.1;5;550;32,6;0.4;0.01;2
Brain_STAR;794;45;95;8,8,8;raw;slow;0.1;5;550;32,6;0.4;0.01;2
Brain_STAR;795;45;95;8,8,8;raw;slow;0.1;5;550;32,6;0.4;0.01;2
Brain_STAR;796;45;95;8,8,8;raw;slow;0.1;5;550;32,6;0.4;0.01;2
Brain_STAR;797;45;95;8,8,8;raw;slow;0.1;5;550;32,6;0.4;0.01;2
Brain_STAR;798;45;95;8,8,8;raw;slow;0.1;5;550;32,6;0.4;0.01;2
Brain_STAR;799;45;95;8,8,8;raw;slow;0.1;5;550;32,6;0.4;0.01;2
Brain_STAR;800;45;95;8,8,8;raw;slow;0.1;5;550;32,6;0.4;0.01;2
Brain_STAR;801;45;95;8,8,8;raw;slow;0.1;5;550;32,6;0.4;0.01;2
Brain_STAR;802;45;95;8,8,8;raw;slow;0.1;5;550;32,6;0.4;0.01;2
Brain_STAR;803;45;95;8,8,8;raw;slow;0.1;5;550;32,6;0.4;0.01;2
Brain_STAR;804;45;95;8,8,8;raw;slow;0.1;5;550;32,6;0.4;0.01;2
Brain_STAR;805;45;95;8,8,8;raw;slow;0.1;5;550;32,6;0.4;0.01;2
Brain_STAR;806;45;95;8,8,8;raw;slow;0.1;5;550;32,6;0.4;0.01;2
Brain_STAR;807;45;95;8,8,8;raw;slow;0.1;5;550;32,6;0.4;0.01;2
Brain_STAR;808;45;95;8,8,8;raw;slow;0.1;5;550;32,6;0.4;0.01;2
Brain_STAR;809;45;95;8,8,8;raw;slow;0.1;5;550;32,6;0.4;0.01;2
Brain_STAR;810;45;95;8,8,8;raw;slow;0.1;5;550;32,6;0.4;0.01;2
Brain_STAR;811;45;95;8,8,8;raw;slow;0.1;5;550;32,6;0.4;0.01;2
Brain_STAR;812;45;95;8,8,8;raw;slow;0.1;5;550;32,6;0.4;0.01;2
Brain_STAR;813;45;95;8,8,8;raw;slow;0.1;5;550;32,6;0.4;0.01;2
Brain_STAR;814;45;95;8,8,8;raw;slow;0.1;5;550;32,6;0.4;0.01;2
Brain_STAR;815;45;95;8,8,8;raw;slow;0.1;5;550;32,6;0.4;0.01;2
Brain_STAR;816;45;95;8,8,8;raw;slow;0.1;5;550;32,6;0.4;0.01;2
Brain_STAR;817;45;95;8,8,8;raw;slow;0.1;5;550;32,6;0.4;0.01;2
Brain_STAR;818;45;95;8,8,8;raw;slow;0.1;5;550;32,6;0.4;0.01;2
Brain_STAR;819;45;95;8,8,8;raw;slow;0.1;5;550;32,6;0.4;0.01;2
Brain_STAR;820;45;95;8,8,8;raw;slow;0.1;5;550;32,6;0.4;0.01;2
Brain_STAR;821;45;95;8,8,8;raw;slow;0.1;5;550;32,6;0.4;0.01;2
Brain_STAR;822;45;95;8,8,8;raw;slow;0.1;5;550;32,6;0.4;0.01;2
Brain_STAR;823;45;95;8,8,8;raw;slow;0.1;5;550;32,6;0.4;0.01;2
Brain_STAR;824;45;95;8,8,8;raw;slow;0.1;5;550;32,6;0.4;0.01;2
Brain_STAR;825;45;95;8,8,8;raw;slow;0.1;5;550;32,6;0.4;0.01;2
Brain_STAR;826;45;95;8,8,8;raw;slow;0.1;5;550;32,6;0.4;0.01;2
Brain_STAR;827;45;95;8,8,8;raw;slow;0.1;5;550;32,6;0.4;0.01;2
Brain_STAR;828;45;95;8,8,8;raw;slow;0.1;5;550;32,6;0.4;0.01;2
Brain_STAR;829;45;95;8,8,8;raw;slow;0.1;5;550;32,6;0.4;0.01;2
Brain_STAR;830;45;95;8,8,8;raw;slow;0.1;5;550;32,6;0.4;0.01;2
Brain_STAR;831;45;95;8,8,8;raw;slow;0.1;5;550;32,6;0.4;0.01;2
Brain_STAR;832;45;95;8,8,8;raw;slow;0.1;5;550;32,6;0.4;0.01;2
Brain_STAR;833;45;95;8,8,8;raw;slow;0.1;5;550;32,6;0.4;0.01;2
Brain_STAR;834;45;95;8,8,8;raw;slow;0.1;5;550;32,6;0.4;0.01;2
Brain_STAR;835;45;95;8,8,8;raw;slow;0.1;5;550;32,6;0.4;0.01;2
Brain_STAR;836;45;95;8,8,8;raw;slow;0.1;5;550;32,6;0.4;0.01;2
Brain_STAR;837;45;95;8,8,8;raw;slow;0.1;5;550;32,6;0.4;0.01;2
Brain_STAR;838;45;95;8,8,8;raw;slow;0.1;5;550;32,6;0.4;0.01;2
Brain_STAR;839;45;95;8,8,8;raw;slow;0.1;5;550;32,6;0.4;0.01;2
Brain_STAR;840;45;95;8,8,8;raw;slow;0.1;5;550;32,6;0.4;0.01;2
Brain_STAR;841;45;95;8,8,8;raw;slow;0.1;5;550;32,6;0.4;0.01;2
Brain_STAR;842;45;95;8,8,8;raw;slow;0.1;5;550;32,6;0.4;0.01;2
Brain_STAR;843;45;95;8,8,8;raw;slow;0.1;5;550;32,6;0.4;0.01;2
Brain_STAR;844;45;95;8,8,8;raw;slow;0.1;5;550;32,6;0.4;0.01;2
Brain_STAR;845;45;95;8,8,8;raw;slow;0.1;5;550;32,6;0.4;0.01;2
Brain_STAR;846;45;95;8,8,8;raw;slow;0.1;5;550;32,6;0.4;0.01;2
Brain_STAR;847;45;95;8,8,8;raw;slow;0.1;5;550;32,6;0.4;0.01;2
Brain_STAR;848;45;95;8,8,8;raw;slow;0.1;5;550;32,6;0.4;0.01;2
Brain_STAR;849;45;95;8,8,8;raw;slow;0.1;5;550;32,6;0.4;0.01;2
Brain_STAR;850;45;95;8,8,8;raw;slow;0.1;5;550;32,6;0.4;0.01;2
Brain_STAR;851;45;95;8,8,8;raw;slow;0.1;5;550;32,6;0.4;0.01;2
Brain_STAR;852;45;95;8,8,8;raw;slow;0.1;5;550;32,6;0.4;0.01;2
Brain_STAR;853;45;95;8,8,8;raw;slow;0.1;5;550;32,6;0.4;0.01;2
Brain_STAR;854;45;95;8,8,8;raw;slow;0.1;5;550;32,6;0.4;0.01;2
Brain_STAR;855;45;95;8,8,8;raw;slow;0.1;5;550;32,6;0.4;0.01;2
Brain_STAR;856;45;95;8,8,8;raw;slow;0.1;5;550;32,6;0.4;0.01;2
Brain_STAR;857;45;95;8,8,8;raw;slow;0.1;5;550;32,6;0.4;0.01;2
Brain_STAR;858;45;95;8,8,8;raw;slow;0.1;5;550;32,6;0.4;0.01;2
Brain_STAR;859;45;95;8,8,8;raw;slow;0.1;5;550;32,6;0.4;0.01;2
Brain_STAR;860;45;95;8,8,8;raw;slow;0.1;5;550;32,6;0.4;0.01;2
Brain_STAR;861;45;95;8,8,8;raw;slow;0.1;5;550;32,6;0.4;0.01;2
Brain_STAR;862;45;95;8,8,8;raw;slow;0.1;5;550;32,6;0.4;0.01;2
Brain_STAR;863;45;95;8,8,8;raw;slow;0.1;5;550;32,6;0.4;0.01;2
Brain_STAR;864;45;95;8,8,8;raw;slow;0.1;5;550;32,6;0.4;0.01;2
Brain_STAR;865;45;95;8,8,8;raw;slow;0.1;5;550;32,6;0.4;0.01;2
Brain_STAR;866;45;95;8,8,8;raw;slow;0.1;5;550;32,6;0.4;0.01;2
Brain_STAR;867;45;95;8,8,8;raw;slow;0.1;5;550;32,6;0.4;0.01;2
Brain_STAR;868;45;95;8,8,8;raw;slow;0.1;5;550;32,6;0.4;0.01;2
Brain_STAR;869;45;95;8,8,8;raw;slow;0.1;5;550;32,6;0.4;0.01;2
Brain_STAR;870;45;95;8,8,8;raw;slow;0.1;5;550;32,6;0.4;0.01;2
Brain_STAR;871;45;95;8,8,8;raw;slow;0.1;5;550;32,6;0.4;0.01;2
Brain_STAR;872;45;95;8,8,8;raw;slow;0.1;5;550;32,6;0.4;0.01;2
Brain_STAR;873;45;95;8,8,8;raw;slow;0.1;5;550;32,6;0.4;0.01;2
Brain_STAR;874;45;95;8,8,8;raw;slow;0.1;5;550;32,6;0.4;0.01;2
Brain_STAR;875;45;95;8,8,8;raw;slow;0.1;5;550;32,6;0.4;0.01;2
Brain_STAR;876;45;95;8,8,8;raw;slow;0.1;5;550;32,6;0.4;0.01;2
Brain_STAR;877;45;95;8,8,8;raw;slow;0.1;5;550;32,6;0.4;0.01;2
Brain_STAR;878;45;95;8,8,8;raw;slow;0.1;5;550;32,6;0.4;0.01;2
Brain_STAR;879;45;95;8,8,8;raw;slow;0.1;5;550;32,6;0.4;0.01;2
Brain_STAR;880;45;95;8,8,8;raw;slow;0.1;5;550;32,6;0.4;0.01;2
Brain_STAR;881;45;95;8,8,8;raw;slow;0.1;5;550;32,6;0.4;0.01;2
Brain_STAR;882;45;95;8,8,8;raw;slow;0.1;5;550;32,6;0.4;0.01;2
Brain_STAR;883;45;95;8,8,8;raw;slow;0.1;5;550;32,6;0.4;0.01;2
Brain_STAR;884;45;95;8,8,8;raw;slow;0.1;5;550;32,6;0.4;0.01;2
Brain_STAR;885;45;95;8,8,8;raw;slow;0.1;5;550;32,6;0.4;0.01;2
Brain_STAR;886;45;95;8,8,8;raw;slow;0.1;5;550;32,6;0.4;0.01;2
Brain_STAR;887;45;95;8,8,8;raw;slow;0.1;5;550;32,6;0.4;0.01;2
Brain_STAR;888;45;95;8,8,8;raw;slow;0.1;5;550;32,6;0.4;0.01;2
Brain_STAR;889;45;95;8,8,8;raw;slow;0.1;5;550;32,6;0.4;0.01;2
Brain_STAR;890;45;95;8,8,8;raw;slow;0.1;5;550;32,6;0.4;0.01;2
Brain_STAR;891;45;95;8,8,8;raw;slow;0.1;5;550;32,6;0.4;0.01;2
Brain_STAR;892;45;95;8,8,8;raw;slow;0.1;5;550;32,6;0.4;0.01;2
Brain_STAR;893;45;95;8,8,8;raw;slow;0.1;5;550;32,6;0.4;0.01;2
Brain_STAR;894;45;95;8,8,8;raw;slow;0.1;5;550;32,6;0.4;0.01;2
Brain_STAR;895;45;95;8,8,8;raw;slow;0.1;5;550;32,6;0.4;0.01;2
Brain_STAR;896;45;95;8,8,8;raw;slow;0.1;5;550;32,6;0.4;0.01;2
Brain_STAR;897;45;95;8,8,8;raw;slow;0.1;5;550;32,6;0.4;0.01;2
Brain_STAR;898;45;95;8,8,8;raw;slow;0.1;5;550;32,6;0.4;0.01;2
Brain_STAR;899;45;95;8,8,8;raw;slow;0.1;5;550;32,6;0.4;0.01;2
Brain_STAR;900;45;95;8,8,8;raw;slow;0.1;5;550;32,6;0.4;0.01;2
Brain_STAR;901;45;95;8,8,8;raw;slow;0.1;5;550;32,6;0.4;0.01;2
Brain_STAR;902;45;95;8,8,8;raw;slow;0.1;5;550;32,6;0.4;0.01;2
Brain_STAR;903;45;95;8,8,8;raw;slow;0.1;5;550;32,6;0.4;0.01;2
Brain_STAR;904;45;95;8,8,8;raw;slow;0.1;5;550;32,6;0.4;0.01;2
Brain_STAR;905;45;95;8,8,8;raw;slow;0.1;5;550;32,6;0.4;0.01;2
Brain_STAR;906;45;95;8,8,8;raw;slow;0.1;5;550;32,6;0.4;0.01;2
Brain_STAR;907;45;95;8,8,8;raw;slow;0.1;5;550;32,6;0.4;0.01;2
Brain_STAR;908;45;95;8,8,8;raw;slow;0.1;5;550;32,6;0.4;0.01;2
Brain_STAR;909;45;95;8,8,8;raw;slow;0.1;5;550;32,6;0.4;0.01;2
Brain_STAR;910;45;95;8,8,8;raw;slow;0.1;5;550;32,6;0.4;0.01;2
Brain_STAR;911;45;95;8,8,8;raw;slow;0.1;5;550;32,6;0.4;0.01;2
Brain_STAR;912;45;95;8,8,8;raw;slow;0.1;5;550;32,6;0.4;0.01;2
Brain_STAR;913;45;95;8,8,8;raw;slow;0.1;5;550;32,6;0.4;0.01;2
Brain_STAR;914;45;95;8,8,8;raw;slow;0.1;5;550;32,6;0.4;0.01;2
Brain_STAR;915;45;95;8,8,8;raw;slow;0.1;5;550;32,6;0.4;0.01;2
Brain_STAR;916;45;95;8,8,8;raw;slow;0.1;5;550;32,6;0.4;0.01;2
Brain_STAR;917;45;95;8,8,8;raw;slow;0.1;5;550;32,6;0.4;0.01;2
Brain_STAR;918;45;95;8,8,8;raw;slow;0.1;5;550;32,6;0.4;0.01;2
Brain_STAR;919;45;95;8,8,8;raw;slow;0.1;5;550;32,6;0.4;0.01;2
Brain_STAR;920;45;95;8,8,8;raw;slow;0.1;5;550;32,6;0.4;0.01;2
Brain_STAR;921;45;95;8,8,8;raw;slow;0.1;5;550;32,6;0.4;0.01;2
Brain_STAR;922;45;95;8,8,8;raw;slow;0.1;5;550;32,6;0.4;0.01;2
Brain_STAR;923;45;95;8,8,8;raw;slow;0.1;5;550;32,6;0.4;0.01;2
Brain_STAR;924;45;95;8,8,8;raw;slow;0.1;5;550;32,6;0.4;0.01;2
Brain_STAR;925;45;95;8,8,8;raw;slow;0.1;5;550;32,6;0.4;0.01;2
Brain_STAR;926;45;95;8,8,8;raw;slow;0.1;5;550;32,6;0.4;0.01;2
Brain_STAR;927;45;95;8,8,8;raw;slow;0.1;5;550;32,6;0.4;0.01;2
Brain_STAR;928;45;95;8,8,8;raw;slow;0.1;5;550;32,6;0.4;0.01;2
Brain_STAR;929;45;95;8,8,8;raw;slow;0.1;5;550;32,6;0.4;0.01;2
Brain_STAR;930;45;95;8,8,8;raw;slow;0.1;5;550;32,6;0.4;0.01;2
Brain_STAR;931;45;95;8,8,8;raw;slow;0.1;5;550;32,6;0.4;0.01;2
Brain_STAR;932;45;95;8,8,8;raw;slow;0.1;5;550;32,6;0.4;0.01;2
Brain_STAR;933;45;95;8,8,8;raw;slow;0.1;5;550;32,6;0.4;0.01;2
Brain_STAR;934;45;95;8,8,8;raw;slow;0.1;5;550;32,6;0.4;0.01;2
Brain_STAR;935;45;95;8,8,8;raw;slow;0.1;5;550;32,6;0.4;0.01;2
Brain_STAR;936;45;95;8,8,8;raw;slow;0.1;5;550;32,6;0.4;0.01;2
Brain_STAR;937;45;95;8,8,8;raw;slow;0.1;5;550;32,6;0.4;0.01;2
Brain_STAR;938;45;95;8,8,8;raw;slow;0.1;5;550;32,6;0.4;0.01;2
Brain_STAR;939;45;95;8,8,8;raw;slow;0.1;5;550;32,6;0.4;0.01;2
Brain_STAR;940;45;95;8,8,8;raw;slow;0.1;5;550;32,6;0.4;0.01;2
Brain_STAR;941;45;95;8,8,8;raw;slow;0.1;5;550;32,6;0.4;0.01;2
Brain_STAR;942;45;95;8,8,8;raw;slow;0.1;5;550;32,6;0.4;0.01;2
Brain_STAR;943;45;95;8,8,8;raw;slow;0.1;5;550;32,6;0.4;0.01;2
Brain_STAR;944;45;95;8,8,8;raw;slow;0.1;5;550;32,6;0.4;0.01;2
Brain_STAR;945;45;95;8,8,8;raw;slow;0.1;5;550;32,6;0.4;0.01;2
Brain_STAR;946;45;95;8,8,8;raw;slow;0.1;5;550;32,6;0.4;0.01;2
Brain_STAR;947;45;95;8,8,8;raw;slow;0.1;5;550;32,6;0.4;0.01;2
Brain_STAR;948;45;95;8,8,8;raw;slow;0.1;5;550;32,6;0.4;0.01;2
Brain_STAR;949;45;95;8,8,8;raw;slow;0.1;5;550;32,6;0.4;0.01;2
Brain_STAR;950;45;95;8,8,8;raw;slow;0.1;5;550;32,6;0.4;0.01;2
Brain_STAR;951;45;95;8,8,8;raw;slow;0.1;5;550;32,6;0.4;0.01;2
Brain_STAR;952;45;95;8,8,8;raw;slow;0.1;5;550;32,6;0.4;0.01;2
Brain_STAR;953;45;95;8,8,8;raw;slow;0.1;5;550;32,6;0.4;0.01;2
Brain_STAR;954;45;95;8,8,8;raw;slow;0.1;5;550;32,6;0.4;0.01;2
Brain_STAR;955;45;95;8,8,8;raw;slow;0.1;5;550;32,6;0.4;0.01;2
Brain_STAR;956;45;95;8,8,8;raw;slow;0.1;5;550;32,6;0.4;0.01;2
Brain_STAR;957;45;95;8,8,8;raw;slow;0.1;5;550;32,6;0.4;0.01;2
Brain_STAR;958;45;95;8,8,8;raw;slow;0.1;5;550;32,6;0.4;0.01;2
Brain_STAR;959;45;95;8,8,8;raw;slow;0.1;5;550;32,6;0.4;0.01;2
Brain_STAR;960;45;95;8,8,8;raw;slow;0.1;5;550;32,6;0.4;0.01;2
Brain_STAR;961;45;95;8,8,8;raw;slow;0.1;5;550;32,6;0.4;0.01;2
Brain_STAR;962;45;95;8,8,8;raw;slow;0.1;5;550;32,6;0.4;0.01;2
Brain_STAR;963;45;95;8,8,8;raw;slow;0.1;5;550;32,6;0.4;0.01;2
Brain_STAR;964;45;95;8,8,8;raw;slow;0.1;5;550;32,6;0.4;0.01;2
Brain_STAR;965;45;95;8,8,8;raw;slow;0.1;5;550;32,6;0.4;0.01;2
Brain_STAR;966;45;95;8,8,8;raw;slow;0.1;5;550;32,6;0.4;0.01;2
Brain_STAR;967;45;95;8,8,8;raw;slow;0.1;5;550;32,6;0.4;0.01;2
Brain_STAR;968;45;95;8,8,8;raw;slow;0.1;5;550;32,6;0.4;0.01;2
Brain_STAR;969;45;95;8,8,8;raw;slow;0.1;5;550;32,6;0.4;0.01;2
Brain_STAR;970;45;95;8,8,8;raw;slow;0.1;5;550;32,6;0.4;0.01;2
Brain_STAR;971;45;95;8,8,8;raw;slow;0.1;5;550;32,6;0.4;0.01;2
Brain_STAR;972;45;95;8,8,8;raw;slow;0.1;5;550;32,6;0.4;0.01;2
Brain_STAR;973;45;95;8,8,8;raw;slow;0.1;5;550;32,6;0.4;0.01;2
Brain_STAR;974;45;95;8,8,8;raw;slow;0.1;5;550;32,6;0.4;0.01;2
Brain_STAR;975;45;95;8,8,8;raw;slow;0.1;5;550;32,6;0.4;0.01;2
Brain_STAR;976;45;95;8,8,8;raw;slow;0.1;5;550;32,6;0.4;0.01;2
Brain_STAR;977;45;95;8,8,8;raw;slow;0.1;5;550;32,6;0.4;0.01;2
Brain_STAR;978;45;95;8,8,8;raw;slow;0.1;5;550;32,6;0.4;0.01;2
Brain_STAR;979;45;95;8,8,8;raw;slow;0.1;5;550;32,6;0.4;0.01;2
Brain_STAR;980;45;95;8,8,8;raw;slow;0.1;5;550;32,6;0.4;0.01;2
Brain_STAR;981;45;95;8,8,8;raw;slow;0.1;5;550;32,6;0.4;0.01;2
Brain_STAR;982;45;95;8,8,8;raw;slow;0.1;5;550;32,6;0.4;0.01;2
Brain_STAR;983;45;95;8,8,8;raw;slow;0.1;5;550;32,6;0.4;0.01;2
Brain_STAR;984;45;95;8,8,8;raw;slow;0.1;5;550;32,6;0.4;0.01;2
Brain_STAR;985;45;95;8,8,8;raw;slow;0.1;5;550;32,6;0.4;0.01;2
Brain_STAR;986;45;95;8,8,8;raw;slow;0.1;5;550;32,6;0.4;0.01;2
Brain_STAR;987;45;95;8,8,8;raw;slow;0.1;5;550;32,6;0.4;0.01;2
Brain_STAR;988;45;95;8,8,8;raw;slow;0.1;5;550;32,6;0.4;0.01;2
Brain_STAR;989;45;95;8,8,8;raw;slow;0.1;5;550;32,6;0.4;0.01;2
Brain_STAR;990;45;95;8,8,8;raw;slow;0.1;5;550;32,6;0.4;0.01;2
Brain_STAR;991;45;95;8,8,8;raw;slow;0.1;5;550;32,6;0.4;0.01;2
Brain_STAR;992;45;95;8,8,8;raw;slow;0.1;5;550;32,6;0.4;0.01;2
